# C2H6 cross sections
# From the Leiden database for photodissociation and photoionization of astrophysically relevant molecules, http://home.strw.leidenuniv.nl/~ewine/photo/
# File last modified by Alan Heays 2017-03-01
# references: kameta1996 10.1016/0368-2048(96)02879-4, chen2004 10.1016/S0022-4073(03)00225-5,
# photoabsorption   -- Photoabsorption cross section (cm2)
# photodissociation -- Photodissociation cross section (cm2)
# photoionisation   -- Photoionisation cross section (cm2)
# wavelength   photoabsorption photodissociation   photoionisation
  15.3844000       1.47091e-18       0.00000e+00       1.47091e-18
  20.1047000       3.06821e-18       0.00000e+00       3.06821e-18
  24.6313000       5.41802e-18       0.00000e+00       5.41802e-18
  30.7687000       9.66279e-18       0.00000e+00       9.66279e-18
  40.2094000       1.92308e-17       0.00000e+00       1.92308e-17
  49.1298000       3.15768e-17       0.00000e+00       3.15768e-17
  52.8200000       3.68610e-17       9.56627e-19       3.59043e-17
  53.0709000       3.72609e-17       9.26331e-19       3.63346e-17
  53.3221000       3.76767e-17       8.95509e-19       3.67812e-17
  53.5710000       3.80708e-17       8.55611e-19       3.72152e-17
  53.8244000       3.84857e-17       8.32397e-19       3.76533e-17
  54.0756000       3.88948e-17       8.40770e-19       3.80540e-17
  54.3196000       3.93180e-17       8.85367e-19       3.84327e-17
  54.5806000       3.97529e-17       9.10895e-19       3.88420e-17
  54.8240000       4.01753e-17       8.78049e-19       3.92973e-17
  55.0676000       4.05902e-17       8.75501e-19       3.97147e-17
  55.3254000       4.09960e-17       8.75431e-19       4.01206e-17
  55.5859000       4.13702e-17       8.36527e-19       4.05336e-17
  55.8362000       4.17069e-17       8.28060e-19       4.08789e-17
  56.0837000       4.20337e-17       8.34066e-19       4.11996e-17
  56.3181000       4.23397e-17       8.39655e-19       4.15000e-17
  56.5752000       4.26756e-17       8.45783e-19       4.18298e-17
  56.8344000       4.30265e-17       8.52194e-19       4.21743e-17
  57.0725000       4.34223e-17       9.17328e-19       4.25050e-17
  57.3340000       4.38730e-17       9.79332e-19       4.28936e-17
  57.5762000       4.43760e-17       1.01634e-18       4.33597e-17
  57.8286000       4.49148e-17       9.79379e-19       4.39354e-17
  58.0805000       4.55077e-17       1.00748e-18       4.45002e-17
  58.3320000       4.61197e-17       1.05784e-18       4.50618e-17
  58.5800000       4.67433e-17       1.00507e-18       4.57382e-17
  58.8301000       4.73428e-17       9.17787e-19       4.64250e-17
  59.0768000       4.78907e-17       8.63070e-19       4.70277e-17
  59.3283000       4.84212e-17       8.72038e-19       4.75492e-17
  59.5792000       4.89110e-17       9.36654e-19       4.79743e-17
  59.8323000       4.93816e-17       1.03928e-18       4.83423e-17
  60.0759000       4.97466e-17       1.15215e-18       4.85945e-17
  60.3302000       5.01740e-17       1.30709e-18       4.88669e-17
  60.5777000       5.05881e-17       1.38045e-18       4.92077e-17
  60.8333000       5.08658e-17       1.44319e-18       4.94226e-17
  61.0791000       5.13681e-17       1.51101e-18       4.98570e-17
  61.3298000       5.14720e-17       1.56882e-18       4.99032e-17
  61.5797000       5.21813e-17       1.61945e-18       5.05618e-17
  61.8314000       5.21971e-17       1.54468e-18       5.06524e-17
  62.0790000       5.26552e-17       1.50151e-18       5.11537e-17
  62.3288000       5.30211e-17       1.48101e-18       5.15401e-17
  62.5806000       5.34060e-17       1.45620e-18       5.19498e-17
  62.8277000       5.37245e-17       1.34988e-18       5.23746e-17
  63.0802000       5.36829e-17       1.31743e-18       5.23655e-17
  63.3317000       5.46574e-17       1.31114e-18       5.33463e-17
  63.5787000       5.46924e-17       1.15734e-18       5.35350e-17
  63.8271000       5.50042e-17       1.16328e-18       5.38409e-17
  64.0779000       5.48628e-17       1.20870e-18       5.36541e-17
  64.3273000       5.59945e-17       1.23384e-18       5.47606e-17
  64.5751000       5.60277e-17       1.08348e-18       5.49443e-17
  64.8284000       5.65483e-17       1.03122e-18       5.55170e-17
  65.0733000       5.63986e-17       1.00015e-18       5.53984e-17
  65.3239000       5.72509e-17       1.01457e-18       5.62363e-17
  65.5759000       5.76159e-17       1.18022e-18       5.64357e-17
  65.8265000       5.83160e-17       1.22775e-18       5.70883e-17
  66.0756000       5.82894e-17       1.18739e-18       5.71020e-17
  66.3232000       5.91533e-17       1.13880e-18       5.80145e-17
  66.5758000       5.93013e-17       1.03037e-18       5.82710e-17
  66.8236000       5.97819e-17       9.28676e-19       5.88533e-17
  67.0766000       5.97487e-17       8.15864e-19       5.89328e-17
  67.3206000       5.95084e-17       7.04718e-19       5.88037e-17
  67.5775000       5.96190e-17       5.92249e-19       5.90267e-17
  67.8251000       5.95475e-17       5.09773e-19       5.90377e-17
  68.0746000       5.96131e-17       4.40901e-19       5.91722e-17
  68.3223000       5.95965e-17       2.70400e-19       5.93261e-17
  68.5753000       5.96489e-17       1.90733e-19       5.94582e-17
  68.8190000       5.98834e-17       1.27993e-19       5.97554e-17
  69.0722000       6.01054e-17       6.22856e-20       6.00431e-17
  69.3191000       6.02908e-17       5.45943e-19       5.97449e-17
  69.5721000       6.04821e-17       8.92846e-19       5.95892e-17
  69.8189000       6.06168e-17       9.58310e-19       5.96585e-17
  70.0677000       6.08047e-17       9.61706e-19       5.98430e-17
  70.3220000       6.09494e-17       9.63243e-19       5.99861e-17
  70.5701000       6.10724e-17       8.07379e-19       6.02650e-17
  70.8159000       6.12046e-17       2.36635e-19       6.09680e-17
  71.0676000       6.13792e-17       1.03444e-19       6.12758e-17
  71.3167000       6.15622e-17       8.64923e-20       6.14757e-17
  71.5638000       6.17542e-17       2.77237e-19       6.14770e-17
  71.8168000       6.19580e-17       4.04839e-19       6.15531e-17
  72.0672000       6.21758e-17       3.16172e-19       6.18596e-17
  72.3152000       6.24411e-17       2.18109e-19       6.22230e-17
  72.5648000       6.26581e-17       8.33917e-20       6.25747e-17
  72.8163000       6.29250e-17       3.67427e-20       6.28882e-17
  73.0653000       6.32044e-17       3.61441e-20       6.31682e-17
  73.3113000       6.35029e-17       3.55948e-20       6.34673e-17
  73.5639000       6.38147e-17       2.51760e-19       6.35629e-17
  73.8132000       6.41307e-17       4.92919e-19       6.36377e-17
  74.0602000       6.45339e-17       5.75231e-19       6.39587e-17
  74.3134000       6.48241e-17       5.77505e-19       6.42466e-17
  74.5591000       6.51085e-17       5.36468e-19       6.45720e-17
  74.8065000       6.53588e-17       4.00618e-19       6.49582e-17
  75.0602000       6.55941e-17       2.87839e-19       6.53062e-17
  75.3064000       6.57704e-17       5.13163e-19       6.52572e-17
  75.5586000       6.62077e-17       1.08406e-18       6.51237e-17
  75.8082000       6.65362e-17       1.14570e-18       6.53905e-17
  76.0593000       6.66534e-17       1.25125e-18       6.54022e-17
  76.3074000       6.67698e-17       1.40207e-18       6.53677e-17
  76.5570000       6.68837e-17       1.59424e-18       6.52895e-17
  76.8037000       6.69902e-17       1.87673e-18       6.51134e-17
  77.0570000       6.70974e-17       2.09306e-18       6.50044e-17
  77.3019000       6.72138e-17       2.34173e-18       6.48721e-17
  77.5630000       6.73053e-17       2.71217e-18       6.45931e-17
  77.8065000       6.73934e-17       2.97720e-18       6.44162e-17
  78.0515000       6.74874e-17       3.34671e-18       6.41407e-17
  78.2977000       6.75656e-17       3.66347e-18       6.39021e-17
  78.5457000       6.76396e-17       4.04069e-18       6.35989e-17
  78.7951000       6.76994e-17       4.52004e-18       6.31794e-17
  79.0466000       6.77784e-17       4.83049e-18       6.29479e-17
  79.2993000       6.78316e-17       5.33861e-18       6.24930e-17
  79.5535000       6.78957e-17       5.55926e-18       6.23364e-17
  79.7994000       6.79322e-17       5.93849e-18       6.19938e-17
  80.0414000       6.79946e-17       6.26665e-18       6.17280e-17
  80.3010000       6.80229e-17       6.64420e-18       6.13787e-17
  80.5459000       6.80636e-17       7.19094e-18       6.08727e-17
  80.7980000       6.80761e-17       7.69413e-18       6.03820e-17
  81.0409000       6.80703e-17       8.26197e-18       5.98083e-17
  81.3014000       6.80869e-17       8.60428e-18       5.94826e-17
  81.5418000       6.80769e-17       8.89658e-18       5.91803e-17
  81.7894000       6.80744e-17       9.27146e-18       5.88030e-17
  82.0435000       6.80545e-17       9.84950e-18       5.82050e-17
  82.2943000       6.80354e-17       1.03577e-17       5.76776e-17
  82.5460000       6.79954e-17       1.08267e-17       5.71687e-17
  82.7887000       6.79389e-17       1.11054e-17       5.68335e-17
  83.0438000       6.79181e-17       1.15568e-17       5.63613e-17
  83.2894000       6.78940e-17       1.19583e-17       5.59357e-17
  83.5418000       6.78574e-17       1.23045e-17       5.55529e-17
  83.7847000       6.77917e-17       1.26854e-17       5.51064e-17
  84.0399000       6.76919e-17       1.29535e-17       5.47384e-17
  84.2856000       6.75647e-17       1.29996e-17       5.45651e-17
  84.5329000       6.74101e-17       1.30406e-17       5.43695e-17
  84.7876000       6.73036e-17       1.30928e-17       5.42109e-17
  85.0316000       6.72695e-17       1.30082e-17       5.42613e-17
  85.2831000       6.72346e-17       1.28693e-17       5.43654e-17
  85.5296000       6.72612e-17       1.27240e-17       5.45372e-17
  85.7846000       6.73377e-17       1.25403e-17       5.47975e-17
  86.0284000       6.74408e-17       1.23461e-17       5.50947e-17
  86.2800000       6.75814e-17       1.22017e-17       5.53796e-17
  86.5329000       6.77842e-17       1.21266e-17       5.56577e-17
  86.7753000       6.80437e-17       1.20301e-17       5.60136e-17
  87.0249000       6.83156e-17       1.18975e-17       5.64181e-17
  87.2759000       6.84353e-17       1.17201e-17       5.67152e-17
  87.5226000       6.82956e-17       1.15016e-17       5.67940e-17
  87.7703000       6.80961e-17       1.12588e-17       5.68373e-17
  88.0197000       6.79572e-17       1.09423e-17       5.70149e-17
  88.2702000       6.78707e-17       1.12063e-17       5.66644e-17
  88.5222000       6.77776e-17       1.12469e-17       5.65307e-17
  88.7759000       6.76396e-17       1.12488e-17       5.63907e-17
  89.0179000       6.73460e-17       1.12738e-17       5.60723e-17
  89.2681000       6.68496e-17       1.09735e-17       5.58762e-17
  89.5194000       6.60714e-17       1.04300e-17       5.56413e-17
  89.7660000       6.51717e-17       9.88694e-18       5.52847e-17
  90.0133000       6.42446e-17       9.61040e-18       5.46342e-17
  90.2624000       6.35178e-17       9.52104e-18       5.39968e-17
  90.5127000       6.30938e-17       9.52448e-18       5.35693e-17
  90.7645000       6.28418e-17       9.55359e-18       5.32882e-17
  91.0111000       6.27487e-17       9.73170e-18       5.30170e-17
  91.2588000       6.26872e-17       1.01192e-17       5.25680e-17
  91.5081000       6.27080e-17       1.05463e-17       5.21617e-17
  91.7856000       6.24577e-17       1.07905e-17       5.16672e-17
  92.0310000       6.24128e-17       1.09404e-17       5.14724e-17
  92.2847000       6.23363e-17       1.12449e-17       5.10914e-17
  92.5329000       6.20661e-17       1.25188e-17       4.95473e-17
  92.7819000       6.16836e-17       1.36751e-17       4.80084e-17
  93.0323000       6.12246e-17       1.42102e-17       4.70144e-17
  93.2773000       6.06417e-17       1.53394e-17       4.53023e-17
  93.5307000       6.00347e-17       1.60816e-17       4.39531e-17
  93.7709000       5.92697e-17       1.66013e-17       4.26684e-17
  94.0271000       5.83252e-17       1.72098e-17       4.11154e-17
  94.2703000       5.73922e-17       1.77499e-17       3.96423e-17
  94.5216000       5.62073e-17       1.82087e-17       3.79986e-17
  94.7748000       5.51222e-17       1.72034e-17       3.79189e-17
  95.0216000       5.37395e-17       1.88556e-17       3.48838e-17
  95.2627000       5.26053e-17       1.94580e-17       3.31473e-17
  95.5047000       5.12134e-17       1.97554e-17       3.14580e-17
  95.7558000       5.01058e-17       2.01440e-17       2.99619e-17
  96.0225000       4.91322e-17       2.07165e-17       2.84156e-17
  96.2760000       4.82907e-17       2.12869e-17       2.70038e-17
  96.5085000       4.78134e-17       2.19166e-17       2.58968e-17
  96.7495000       4.74060e-17       2.25933e-17       2.48127e-17
  96.9989000       4.68755e-17       2.32240e-17       2.36515e-17
  97.2579000       4.67790e-17       2.19677e-17       2.48113e-17
  97.5103000       4.66643e-17       2.47418e-17       2.19224e-17
  97.7561000       4.66011e-17       2.54415e-17       2.11595e-17
  97.9959000       4.65188e-17       2.61182e-17       2.04006e-17
  98.2596000       4.64564e-17       2.64558e-17       2.00006e-17
  98.4940000       4.65512e-17       2.71432e-17       1.94080e-17
  98.7530000       4.66119e-17       2.80545e-17       1.85574e-17
  98.9895000       4.67458e-17       2.86384e-17       1.81074e-17
  99.2429000       4.68056e-17       2.91770e-17       1.76287e-17
  99.4900000       4.69570e-17       3.00400e-17       1.69170e-17
  99.7380000       4.71815e-17       3.07772e-17       1.64042e-17
  99.9873000       4.72746e-17       3.14039e-17       1.58707e-17
 100.2381000       4.73943e-17       3.22982e-17       1.50961e-17
 100.4897000       4.74858e-17       3.29658e-17       1.45200e-17
 100.7347000       4.74733e-17       3.38964e-17       1.35770e-17
 100.9808000       4.75157e-17       3.45468e-17       1.29689e-17
 101.2282000       4.73237e-17       3.52084e-17       1.21152e-17
 101.4766000       4.72455e-17       3.57139e-17       1.15316e-17
 101.7264000       4.69736e-17       3.60989e-17       1.08747e-17
 101.9778000       4.63866e-17       3.62308e-17       1.01558e-17
 102.2214000       4.58527e-17       3.65000e-17       9.35272e-18
 102.4748000       4.55576e-17       3.69505e-17       8.60703e-18
 102.7210000       4.51476e-17       3.73068e-17       7.84081e-18
 102.9688000       4.48267e-17       3.76051e-17       7.22163e-18
 103.2169000       4.47003e-17       3.80616e-17       6.63871e-18
 103.4668000       4.42671e-17       3.81371e-17       6.12998e-18
 103.7180000       4.42663e-17       3.88594e-17       5.40689e-18
 103.9613000       4.42920e-17       3.94513e-17       4.84070e-18
 104.2058000       4.39312e-17       3.98182e-17       4.11293e-18
 104.4520000       4.42081e-17       4.07321e-17       3.47597e-18
 104.7075000       4.37183e-17       4.06417e-17       3.07660e-18
 104.9468000       4.36776e-17       4.11664e-17       2.51112e-18
 105.1518000       4.37632e-17       4.15694e-17       2.19378e-18
 105.3482000       4.38721e-17       4.19232e-17       1.94891e-18
 105.5456000       4.40717e-17       4.24078e-17       1.66391e-18
 105.7435000       4.42388e-17       4.28040e-17       1.43480e-18
 105.9421000       4.40151e-17       4.29825e-17       1.03263e-18
 106.1419000       4.37108e-17       4.30285e-17       6.82362e-19
 106.3421000       4.33832e-17       4.31471e-17       2.36068e-19
 106.5340000       4.29916e-17       4.29916e-17       0.00000e+00
 106.7266000       4.28527e-17       4.28527e-17       0.00000e+00
 106.9290000       4.33549e-17       4.33549e-17       0.00000e+00
 107.1325000       4.35395e-17       4.35395e-17       0.00000e+00
 107.3274000       4.32360e-17       4.32360e-17       0.00000e+00
 107.5227000       4.26174e-17       4.26174e-17       0.00000e+00
 107.7281000       4.15947e-17       4.15947e-17       0.00000e+00
 107.9154000       4.09286e-17       4.09286e-17       0.00000e+00
 108.1226000       4.05711e-17       4.05711e-17       0.00000e+00
 108.3116000       4.02302e-17       4.02302e-17       0.00000e+00
 108.5205000       4.05187e-17       4.05187e-17       0.00000e+00
 108.7105000       4.05536e-17       4.05536e-17       0.00000e+00
 108.9206000       3.94320e-17       3.94320e-17       0.00000e+00
 109.1122000       3.82695e-17       3.82695e-17       0.00000e+00
 109.3048000       3.72501e-17       3.72501e-17       0.00000e+00
 109.5076000       3.61359e-17       3.61359e-17       0.00000e+00
 109.7113000       3.60137e-17       3.60137e-17       0.00000e+00
 109.9055000       3.59862e-17       3.59862e-17       0.00000e+00
 110.1005000       3.63280e-17       3.63280e-17       0.00000e+00
 110.2964000       3.57958e-17       3.57958e-17       0.00000e+00
 110.4932000       3.43099e-17       3.43099e-17       0.00000e+00
 110.6901000       3.26528e-17       3.26528e-17       0.00000e+00
 110.8883000       3.13598e-17       3.13598e-17       0.00000e+00
 111.0873000       3.13257e-17       3.13257e-17       0.00000e+00
 111.2863000       3.13956e-17       3.13956e-17       0.00000e+00
 111.4867000       3.15535e-17       3.15535e-17       0.00000e+00
 111.6877000       3.19485e-17       3.19485e-17       0.00000e+00
 111.8889000       3.16858e-17       3.16858e-17       0.00000e+00
 112.0708000       3.06298e-17       3.06298e-17       0.00000e+00
 112.2743000       2.91522e-17       2.91522e-17       0.00000e+00
 112.4775000       2.86508e-17       2.86508e-17       0.00000e+00
 112.6722000       2.91414e-17       2.91414e-17       0.00000e+00
 112.8670000       3.02672e-17       3.02672e-17       0.00000e+00
 113.0725000       3.08908e-17       3.08908e-17       0.00000e+00
 113.2692000       3.08883e-17       3.08883e-17       0.00000e+00
 113.4662000       3.06173e-17       3.06173e-17       0.00000e+00
 113.6638000       2.96910e-17       2.96910e-17       0.00000e+00
 113.8617000       2.88279e-17       2.88279e-17       0.00000e+00
 114.0505000       2.87489e-17       2.87489e-17       0.00000e+00
 114.2501000       2.93917e-17       2.93917e-17       0.00000e+00
 114.4506000       3.00361e-17       3.00361e-17       0.00000e+00
 114.6410000       3.06106e-17       3.06106e-17       0.00000e+00
 114.8535000       3.03321e-17       3.03321e-17       0.00000e+00
 115.0452000       2.96037e-17       2.96037e-17       0.00000e+00
 115.2377000       2.88578e-17       2.88578e-17       0.00000e+00
 115.4418000       2.80671e-17       2.80671e-17       0.00000e+00
 115.6354000       2.77162e-17       2.77162e-17       0.00000e+00
 115.8298000       2.79049e-17       2.79049e-17       0.00000e+00
 116.0360000       2.86774e-17       2.86774e-17       0.00000e+00
 116.2317000       2.87913e-17       2.87913e-17       0.00000e+00
 116.4282000       2.84246e-17       2.84246e-17       0.00000e+00
 116.6253000       2.76139e-17       2.76139e-17       0.00000e+00
 116.8120000       2.67533e-17       2.67533e-17       0.00000e+00
 117.0215000       2.59218e-17       2.59218e-17       0.00000e+00
 117.2204000       2.59942e-17       2.59942e-17       0.00000e+00
 117.4092000       2.62062e-17       2.62062e-17       0.00000e+00
 117.6099000       2.60266e-17       2.60266e-17       0.00000e+00
 117.8000000       2.60973e-17       2.60973e-17       0.00000e+00
 118.0128000       2.57622e-17       2.57622e-17       0.00000e+00
 118.2043000       2.54063e-17       2.54063e-17       0.00000e+00
 118.3964000       2.49207e-17       2.49207e-17       0.00000e+00
 118.5885000       2.43603e-17       2.43603e-17       0.00000e+00
 118.8046000       2.44401e-17       2.44401e-17       0.00000e+00
 118.9870000       2.44908e-17       2.44908e-17       0.00000e+00
 119.1814000       2.44817e-17       2.44817e-17       0.00000e+00
 119.3875000       2.42821e-17       2.42821e-17       0.00000e+00
 119.5839000       2.40917e-17       2.40917e-17       0.00000e+00
 119.7687000       2.37358e-17       2.37358e-17       0.00000e+00
 119.9766000       2.33326e-17       2.33326e-17       0.00000e+00
 120.0830000       2.26517e-17       2.26517e-17       0.00000e+00
 120.1940000       2.24078e-17       2.24078e-17       0.00000e+00
 120.3040000       2.24078e-17       2.24078e-17       0.00000e+00
 120.3870000       2.26517e-17       2.26517e-17       0.00000e+00
 120.4700000       2.28929e-17       2.28929e-17       0.00000e+00
 120.5530000       2.33938e-17       2.33938e-17       0.00000e+00
 120.6640000       2.36429e-17       2.36429e-17       0.00000e+00
 120.7470000       2.36429e-17       2.36429e-17       0.00000e+00
 120.8570000       2.31420e-17       2.31420e-17       0.00000e+00
 120.9680000       2.28929e-17       2.28929e-17       0.00000e+00
 121.0780000       2.26464e-17       2.26464e-17       0.00000e+00
 121.1890000       2.26464e-17       2.26464e-17       0.00000e+00
 121.3000000       2.26412e-17       2.26412e-17       0.00000e+00
 121.4100000       2.26412e-17       2.26412e-17       0.00000e+00
 121.5210000       2.26412e-17       2.26412e-17       0.00000e+00
 121.6310000       2.26412e-17       2.26412e-17       0.00000e+00
 121.7140000       2.31313e-17       2.31313e-17       0.00000e+00
 121.8250000       2.31313e-17       2.31313e-17       0.00000e+00
 121.9080000       2.33830e-17       2.33830e-17       0.00000e+00
 122.0180000       2.36320e-17       2.36320e-17       0.00000e+00
 122.1290000       2.36320e-17       2.36320e-17       0.00000e+00
 122.2400000       2.41435e-17       2.41435e-17       0.00000e+00
 122.3230000       2.38836e-17       2.38836e-17       0.00000e+00
 122.4330000       2.36320e-17       2.36320e-17       0.00000e+00
 122.5440000       2.36265e-17       2.36265e-17       0.00000e+00
 122.6540000       2.33722e-17       2.33722e-17       0.00000e+00
 122.7650000       2.28770e-17       2.28770e-17       0.00000e+00
 122.8480000       2.26308e-17       2.26308e-17       0.00000e+00
 122.9590000       2.28770e-17       2.28770e-17       0.00000e+00
 123.0690000       2.28718e-17       2.28718e-17       0.00000e+00
 123.1520000       2.26256e-17       2.26256e-17       0.00000e+00
 123.2630000       2.28718e-17       2.28718e-17       0.00000e+00
 123.3460000       2.28718e-17       2.28718e-17       0.00000e+00
 123.4560000       2.33668e-17       2.33668e-17       0.00000e+00
 123.5390000       2.36211e-17       2.36211e-17       0.00000e+00
 123.6500000       2.38726e-17       2.38726e-17       0.00000e+00
 123.7600000       2.38726e-17       2.38726e-17       0.00000e+00
 123.8710000       2.41324e-17       2.41324e-17       0.00000e+00
 123.9820000       2.41324e-17       2.41324e-17       0.00000e+00
 124.0650000       2.38726e-17       2.38726e-17       0.00000e+00
 124.1750000       2.36157e-17       2.36157e-17       0.00000e+00
 124.2580000       2.31100e-17       2.31100e-17       0.00000e+00
 124.3690000       2.28613e-17       2.28613e-17       0.00000e+00
 124.4790000       2.26152e-17       2.26152e-17       0.00000e+00
 124.5620000       2.21360e-17       2.21360e-17       0.00000e+00
 124.6730000       2.18978e-17       2.18978e-17       0.00000e+00
 124.7830000       2.21309e-17       2.21309e-17       0.00000e+00
 124.8940000       2.21309e-17       2.21309e-17       0.00000e+00
 124.9770000       2.21309e-17       2.21309e-17       0.00000e+00
 125.0880000       2.26100e-17       2.26100e-17       0.00000e+00
 125.1980000       2.28560e-17       2.28560e-17       0.00000e+00
 125.2810000       2.31047e-17       2.31047e-17       0.00000e+00
 125.3640000       2.38616e-17       2.38616e-17       0.00000e+00
 125.4750000       2.43781e-17       2.43781e-17       0.00000e+00
 125.5850000       2.46434e-17       2.46434e-17       0.00000e+00
 125.6680000       2.49058e-17       2.49058e-17       0.00000e+00
 125.7790000       2.49058e-17       2.49058e-17       0.00000e+00
 125.8890000       2.46377e-17       2.46377e-17       0.00000e+00
 125.9720000       2.41102e-17       2.41102e-17       0.00000e+00
 126.0830000       2.41102e-17       2.41102e-17       0.00000e+00
 126.1660000       2.35993e-17       2.35993e-17       0.00000e+00
 126.2490000       2.30940e-17       2.30940e-17       0.00000e+00
 126.3590000       2.25996e-17       2.25996e-17       0.00000e+00
 126.4420000       2.21208e-17       2.21208e-17       0.00000e+00
 126.5530000       2.21208e-17       2.21208e-17       0.00000e+00
 126.6640000       2.21208e-17       2.21208e-17       0.00000e+00
 126.7740000       2.21157e-17       2.21157e-17       0.00000e+00
 126.8850000       2.23563e-17       2.23563e-17       0.00000e+00
 126.9680000       2.28402e-17       2.28402e-17       0.00000e+00
 127.0510000       2.33400e-17       2.33400e-17       0.00000e+00
 127.1340000       2.41046e-17       2.41046e-17       0.00000e+00
 127.2170000       2.46263e-17       2.46263e-17       0.00000e+00
 127.3000000       2.54331e-17       2.54331e-17       0.00000e+00
 127.3820000       2.57099e-17       2.57099e-17       0.00000e+00
 127.4650000       2.65522e-17       2.65522e-17       0.00000e+00
 127.5760000       2.68349e-17       2.68349e-17       0.00000e+00
 127.6870000       2.68349e-17       2.68349e-17       0.00000e+00
 127.7970000       2.71269e-17       2.71269e-17       0.00000e+00
 127.8800000       2.65461e-17       2.65461e-17       0.00000e+00
 127.9630000       2.59777e-17       2.59777e-17       0.00000e+00
 128.0460000       2.54273e-17       2.54273e-17       0.00000e+00
 128.1570000       2.46207e-17       2.46207e-17       0.00000e+00
 128.2400000       2.40935e-17       2.40935e-17       0.00000e+00
 128.3230000       2.35776e-17       2.35776e-17       0.00000e+00
 128.4330000       2.35776e-17       2.35776e-17       0.00000e+00
 128.5440000       2.33238e-17       2.33238e-17       0.00000e+00
 128.6540000       2.33238e-17       2.33238e-17       0.00000e+00
 128.7650000       2.35776e-17       2.35776e-17       0.00000e+00
 128.8480000       2.38287e-17       2.38287e-17       0.00000e+00
 128.9590000       2.46093e-17       2.46093e-17       0.00000e+00
 129.0140000       2.51478e-17       2.51478e-17       0.00000e+00
 129.0970000       2.56921e-17       2.56921e-17       0.00000e+00
 129.1800000       2.65338e-17       2.65338e-17       0.00000e+00
 129.2630000       2.71082e-17       2.71082e-17       0.00000e+00
 129.3460000       2.79963e-17       2.79963e-17       0.00000e+00
 129.4290000       2.89135e-17       2.89135e-17       0.00000e+00
 129.5120000       2.95461e-17       2.95461e-17       0.00000e+00
 129.5940000       2.98607e-17       2.98607e-17       0.00000e+00
 129.7050000       3.01856e-17       3.01856e-17       0.00000e+00
 129.8160000       2.98607e-17       2.98607e-17       0.00000e+00
 129.8990000       2.92213e-17       2.92213e-17       0.00000e+00
 129.9820000       2.82944e-17       2.82944e-17       0.00000e+00
 130.0650000       2.76949e-17       2.76949e-17       0.00000e+00
 130.1200000       2.68102e-17       2.68102e-17       0.00000e+00
 130.2030000       2.56803e-17       2.56803e-17       0.00000e+00
 130.2860000       2.51362e-17       2.51362e-17       0.00000e+00
 130.3690000       2.45980e-17       2.45980e-17       0.00000e+00
 130.4790000       2.45980e-17       2.45980e-17       0.00000e+00
 130.5900000       2.43332e-17       2.43332e-17       0.00000e+00
 130.7000000       2.40713e-17       2.40713e-17       0.00000e+00
 130.7830000       2.40713e-17       2.40713e-17       0.00000e+00
 130.8940000       2.45923e-17       2.45923e-17       0.00000e+00
 130.9770000       2.51304e-17       2.51304e-17       0.00000e+00
 131.0600000       2.56744e-17       2.56744e-17       0.00000e+00
 131.1430000       2.65155e-17       2.65155e-17       0.00000e+00
 131.2260000       2.73842e-17       2.73842e-17       0.00000e+00
 131.3090000       2.79769e-17       2.79769e-17       0.00000e+00
 131.3640000       2.88935e-17       2.88935e-17       0.00000e+00
 131.4190000       2.98470e-17       2.98470e-17       0.00000e+00
 131.5300000       3.04930e-17       3.04930e-17       0.00000e+00
 131.6410000       3.04930e-17       3.04930e-17       0.00000e+00
 131.7240000       3.11530e-17       3.11530e-17       0.00000e+00
 131.8340000       3.11530e-17       3.11530e-17       0.00000e+00
 131.9450000       3.08177e-17       3.08177e-17       0.00000e+00
 132.0280000       3.01578e-17       3.01578e-17       0.00000e+00
 132.1110000       2.92012e-17       2.92012e-17       0.00000e+00
 132.1660000       2.82748e-17       2.82748e-17       0.00000e+00
 132.2490000       2.73716e-17       2.73716e-17       0.00000e+00
 132.3040000       2.65033e-17       2.65033e-17       0.00000e+00
 132.3590000       2.53863e-17       2.53863e-17       0.00000e+00
 132.4420000       2.45810e-17       2.45810e-17       0.00000e+00
 132.5250000       2.40547e-17       2.40547e-17       0.00000e+00
 132.6080000       2.37958e-17       2.37958e-17       0.00000e+00
 132.7190000       2.32916e-17       2.32916e-17       0.00000e+00
 132.8020000       2.30409e-17       2.30409e-17       0.00000e+00
 132.9120000       2.30409e-17       2.30409e-17       0.00000e+00
 133.0230000       2.35396e-17       2.35396e-17       0.00000e+00
 133.1060000       2.35396e-17       2.35396e-17       0.00000e+00
 133.2170000       2.43108e-17       2.43108e-17       0.00000e+00
 133.3000000       2.48370e-17       2.48370e-17       0.00000e+00
 133.3550000       2.56507e-17       2.56507e-17       0.00000e+00
 133.4380000       2.64911e-17       2.64911e-17       0.00000e+00
 133.5210000       2.70707e-17       2.70707e-17       0.00000e+00
 133.5760000       2.79576e-17       2.79576e-17       0.00000e+00
 133.6870000       2.82553e-17       2.82553e-17       0.00000e+00
 133.7700000       2.88735e-17       2.88735e-17       0.00000e+00
 133.8530000       2.94985e-17       2.94985e-17       0.00000e+00
 133.9630000       2.98195e-17       2.98195e-17       0.00000e+00
 134.0460000       2.94985e-17       2.94985e-17       0.00000e+00
 134.1010000       2.85562e-17       2.85562e-17       0.00000e+00
 134.1570000       2.76503e-17       2.76503e-17       0.00000e+00
 134.2120000       2.64850e-17       2.64850e-17       0.00000e+00
 134.2670000       2.56448e-17       2.56448e-17       0.00000e+00
 134.3230000       2.45641e-17       2.45641e-17       0.00000e+00
 134.3780000       2.37848e-17       2.37848e-17       0.00000e+00
 134.4060000       2.27824e-17       2.27824e-17       0.00000e+00
 134.4610000       2.18223e-17       2.18223e-17       0.00000e+00
 134.5160000       2.11252e-17       2.11252e-17       0.00000e+00
 134.5710000       2.02349e-17       2.02349e-17       0.00000e+00
 134.6540000       1.95930e-17       1.95930e-17       0.00000e+00
 134.7100000       1.91779e-17       1.91779e-17       0.00000e+00
 134.7930000       1.85652e-17       1.85652e-17       0.00000e+00
 134.9030000       1.85652e-17       1.85652e-17       0.00000e+00
 135.0140000       1.85652e-17       1.85652e-17       0.00000e+00
 135.1240000       1.85652e-17       1.85652e-17       0.00000e+00
 135.2070000       1.91734e-17       1.91734e-17       0.00000e+00
 135.2900000       1.95884e-17       1.95884e-17       0.00000e+00
 135.4010000       1.98016e-17       1.98016e-17       0.00000e+00
 135.4840000       2.00124e-17       2.00124e-17       0.00000e+00
 135.5670000       2.06681e-17       2.06681e-17       0.00000e+00
 135.5940000       2.15774e-17       2.15774e-17       0.00000e+00
 135.6500000       2.25268e-17       2.25268e-17       0.00000e+00
 135.7050000       2.32648e-17       2.32648e-17       0.00000e+00
 135.7880000       2.40270e-17       2.40270e-17       0.00000e+00
 135.8710000       2.37684e-17       2.37684e-17       0.00000e+00
 135.9540000       2.32648e-17       2.32648e-17       0.00000e+00
 136.0090000       2.25216e-17       2.25216e-17       0.00000e+00
 136.0920000       2.18072e-17       2.18072e-17       0.00000e+00
 136.1750000       2.11154e-17       2.11154e-17       0.00000e+00
 136.2580000       2.06633e-17       2.06633e-17       0.00000e+00
 136.3410000       2.00078e-17       2.00078e-17       0.00000e+00
 136.4240000       1.93731e-17       1.93731e-17       0.00000e+00
 136.5350000       1.79639e-17       1.79639e-17       0.00000e+00
 136.5620000       1.72068e-17       1.72068e-17       0.00000e+00
 136.6180000       1.64816e-17       1.64816e-17       0.00000e+00
 136.6450000       1.59588e-17       1.59588e-17       0.00000e+00
 136.7000000       1.52862e-17       1.52862e-17       0.00000e+00
 136.7280000       1.46420e-17       1.46420e-17       0.00000e+00
 136.7830000       1.41775e-17       1.41775e-17       0.00000e+00
 136.8110000       1.35800e-17       1.35800e-17       0.00000e+00
 136.8660000       1.30077e-17       1.30077e-17       0.00000e+00
 136.9220000       1.25951e-17       1.25951e-17       0.00000e+00
 137.0050000       1.23254e-17       1.23254e-17       0.00000e+00
 137.1150000       1.20615e-17       1.20615e-17       0.00000e+00
 137.2260000       1.20615e-17       1.20615e-17       0.00000e+00
 137.3360000       1.21927e-17       1.21927e-17       0.00000e+00
 137.3920000       1.25922e-17       1.25922e-17       0.00000e+00
 137.4470000       1.30047e-17       1.30047e-17       0.00000e+00
 137.5020000       1.35769e-17       1.35769e-17       0.00000e+00
 137.5580000       1.40217e-17       1.40217e-17       0.00000e+00
 137.6130000       1.41742e-17       1.41742e-17       0.00000e+00
 137.7240000       1.31432e-17       1.31432e-17       0.00000e+00
 137.8060000       1.30017e-17       1.30017e-17       0.00000e+00
 137.8620000       1.34307e-17       1.34307e-17       0.00000e+00
 137.9170000       1.40185e-17       1.40185e-17       0.00000e+00
 137.9450000       1.46352e-17       1.46352e-17       0.00000e+00
 138.0280000       1.49555e-17       1.49555e-17       0.00000e+00
 138.1110000       1.52792e-17       1.52792e-17       0.00000e+00
 138.1660000       1.49520e-17       1.49520e-17       0.00000e+00
 138.2210000       1.43219e-17       1.43219e-17       0.00000e+00
 138.2760000       1.37183e-17       1.37183e-17       0.00000e+00
 138.3320000       1.32831e-17       1.32831e-17       0.00000e+00
 138.3590000       1.27233e-17       1.27233e-17       0.00000e+00
 138.4700000       1.25864e-17       1.25864e-17       0.00000e+00
 138.5530000       1.25864e-17       1.25864e-17       0.00000e+00
 138.6360000       1.23197e-17       1.23197e-17       0.00000e+00
 138.6910000       1.18005e-17       1.18005e-17       0.00000e+00
 138.7740000       1.10611e-17       1.10611e-17       0.00000e+00
 138.8290000       1.05950e-17       1.05950e-17       0.00000e+00
 138.8570000       1.02589e-17       1.02589e-17       0.00000e+00
 138.9120000       9.82653e-18       9.82653e-18       0.00000e+00
 138.9680000       9.51481e-18       9.51481e-18       0.00000e+00
 138.9950000       9.11381e-18       9.11381e-18       0.00000e+00
 139.0230000       8.72971e-18       8.72971e-18       0.00000e+00
 139.0510000       8.36180e-18       8.36180e-18       0.00000e+00
 139.1060000       8.00940e-18       8.00940e-18       0.00000e+00
 139.1340000       7.67185e-18       7.67185e-18       0.00000e+00
 139.1610000       7.42677e-18       7.42677e-18       0.00000e+00
 139.2170000       7.11377e-18       7.11377e-18       0.00000e+00
 139.2720000       6.88811e-18       6.88811e-18       0.00000e+00
 139.3550000       6.66960e-18       6.66960e-18       0.00000e+00
 139.4380000       6.45803e-18       6.45803e-18       0.00000e+00
 139.5210000       6.52680e-18       6.52680e-18       0.00000e+00
 139.5760000       6.74062e-18       6.74062e-18       0.00000e+00
 139.6310000       7.03720e-18       7.03720e-18       0.00000e+00
 139.6590000       7.34683e-18       7.34683e-18       0.00000e+00
 139.7140000       7.58752e-18       7.58752e-18       0.00000e+00
 139.7420000       7.92136e-18       7.92136e-18       0.00000e+00
 139.7700000       8.26990e-18       8.26990e-18       0.00000e+00
 139.7970000       8.63376e-18       8.63376e-18       0.00000e+00
 139.8800000       8.72569e-18       8.72569e-18       0.00000e+00
 139.9350000       8.44890e-18       8.44890e-18       0.00000e+00
 140.0180000       8.18088e-18       8.18088e-18       0.00000e+00
 140.0460000       7.83610e-18       7.83610e-18       0.00000e+00
 140.1290000       8.09282e-18       8.09282e-18       0.00000e+00
 140.1840000       8.26799e-18       8.26799e-18       0.00000e+00
 140.2400000       8.63177e-18       8.63177e-18       0.00000e+00
 140.2950000       8.91456e-18       8.91456e-18       0.00000e+00
 140.3500000       8.63177e-18       8.63177e-18       0.00000e+00
 140.3780000       8.26799e-18       8.26799e-18       0.00000e+00
 140.4330000       7.91954e-18       7.91954e-18       0.00000e+00
 140.4610000       7.58578e-18       7.58578e-18       0.00000e+00
 140.4880000       7.26608e-18       7.26608e-18       0.00000e+00
 140.5160000       7.03558e-18       7.03558e-18       0.00000e+00
 140.5440000       6.73907e-18       6.73907e-18       0.00000e+00
 140.5710000       6.45506e-18       6.45506e-18       0.00000e+00
 140.6270000       6.25029e-18       6.25029e-18       0.00000e+00
 140.6820000       6.45506e-18       6.45506e-18       0.00000e+00
 140.7370000       6.73752e-18       6.73752e-18       0.00000e+00
 140.7930000       7.03396e-18       7.03396e-18       0.00000e+00
 140.8480000       7.26440e-18       7.26440e-18       0.00000e+00
 140.9310000       7.11050e-18       7.11050e-18       0.00000e+00
 140.9590000       6.81083e-18       6.81083e-18       0.00000e+00
 140.9860000       6.52379e-18       6.52379e-18       0.00000e+00
 141.0140000       6.24885e-18       6.24885e-18       0.00000e+00
 141.0410000       5.98549e-18       5.98549e-18       0.00000e+00
 141.0690000       5.73324e-18       5.73324e-18       0.00000e+00
 141.0970000       5.49161e-18       5.49161e-18       0.00000e+00
 141.1240000       5.31741e-18       5.31741e-18       0.00000e+00
 141.1520000       5.09331e-18       5.09331e-18       0.00000e+00
 141.1800000       4.87865e-18       4.87865e-18       0.00000e+00
 141.2350000       4.67305e-18       4.67305e-18       0.00000e+00
 141.2630000       4.52481e-18       4.52481e-18       0.00000e+00
 141.3180000       4.33411e-18       4.33411e-18       0.00000e+00
 141.3730000       4.15145e-18       4.15145e-18       0.00000e+00
 141.4290000       4.01883e-18       4.01883e-18       0.00000e+00
 141.5120000       3.93369e-18       3.93369e-18       0.00000e+00
 141.5940000       3.80803e-18       3.80803e-18       0.00000e+00
 141.6770000       3.68723e-18       3.68723e-18       0.00000e+00
 141.7330000       3.57026e-18       3.57026e-18       0.00000e+00
 141.7880000       3.45700e-18       3.45700e-18       0.00000e+00
 141.8990000       3.41979e-18       3.41979e-18       0.00000e+00
 141.9820000       3.45621e-18       3.45621e-18       0.00000e+00
 142.0650000       3.56944e-18       3.56944e-18       0.00000e+00
 142.0920000       3.72649e-18       3.72649e-18       0.00000e+00
 142.1200000       4.06163e-18       4.06163e-18       0.00000e+00
 142.1470000       4.24033e-18       4.24033e-18       0.00000e+00
 142.1750000       4.57193e-18       4.57193e-18       0.00000e+00
 142.2030000       5.20236e-18       5.20236e-18       0.00000e+00
 142.2300000       5.66892e-18       5.66892e-18       0.00000e+00
 142.2580000       6.45060e-18       6.45060e-18       0.00000e+00
 142.2860000       6.73442e-18       6.73442e-18       0.00000e+00
 142.3130000       7.03072e-18       7.03072e-18       0.00000e+00
 142.3410000       6.88018e-18       6.88018e-18       0.00000e+00
 142.3690000       6.59022e-18       6.59022e-18       0.00000e+00
 142.3960000       6.04784e-18       6.04784e-18       0.00000e+00
 142.4240000       5.31496e-18       5.31496e-18       0.00000e+00
 142.4520000       5.09096e-18       5.09096e-18       0.00000e+00
 142.4790000       4.28549e-18       4.28549e-18       0.00000e+00
 142.5070000       4.10488e-18       4.10488e-18       0.00000e+00
 142.5350000       3.97466e-18       3.97466e-18       0.00000e+00
 142.5620000       3.80715e-18       3.80715e-18       0.00000e+00
 142.5900000       3.64670e-18       3.64670e-18       0.00000e+00
 142.6180000       3.49301e-18       3.49301e-18       0.00000e+00
 142.6730000       3.38221e-18       3.38221e-18       0.00000e+00
 142.7560000       3.23966e-18       3.23966e-18       0.00000e+00
 142.8390000       3.20479e-18       3.20479e-18       0.00000e+00
 142.9490000       3.17030e-18       3.17030e-18       0.00000e+00
 143.0320000       3.10242e-18       3.10242e-18       0.00000e+00
 143.1430000       3.03669e-18       3.03669e-18       0.00000e+00
 143.2530000       3.03669e-18       3.03669e-18       0.00000e+00
 143.3360000       2.97167e-18       2.97167e-18       0.00000e+00
 143.4470000       2.93968e-18       2.93968e-18       0.00000e+00
 143.5020000       2.87740e-18       2.87740e-18       0.00000e+00
 143.6130000       2.84643e-18       2.84643e-18       0.00000e+00
 143.7240000       2.81579e-18       2.81579e-18       0.00000e+00
 143.8340000       2.78548e-18       2.78548e-18       0.00000e+00
 143.9450000       2.78548e-18       2.78548e-18       0.00000e+00
 144.0280000       2.75550e-18       2.75550e-18       0.00000e+00
 144.1380000       2.69650e-18       2.69650e-18       0.00000e+00
 144.2210000       2.66747e-18       2.66747e-18       0.00000e+00
 144.3040000       2.61096e-18       2.61096e-18       0.00000e+00
 144.4150000       2.61096e-18       2.61096e-18       0.00000e+00
 144.4980000       2.55505e-18       2.55505e-18       0.00000e+00
 144.6080000       2.55505e-18       2.55505e-18       0.00000e+00
 144.6910000       2.55505e-18       2.55505e-18       0.00000e+00
 144.8020000       2.52755e-18       2.52755e-18       0.00000e+00
 144.8850000       2.52755e-18       2.52755e-18       0.00000e+00
 144.9950000       2.47343e-18       2.47343e-18       0.00000e+00
 145.0780000       2.50035e-18       2.50035e-18       0.00000e+00
 145.1890000       2.47343e-18       2.47343e-18       0.00000e+00
 145.3000000       2.47343e-18       2.47343e-18       0.00000e+00
 145.3820000       2.44681e-18       2.44681e-18       0.00000e+00
 145.4930000       2.39442e-18       2.39442e-18       0.00000e+00
 145.5760000       2.39442e-18       2.39442e-18       0.00000e+00
 145.6870000       2.34315e-18       2.34315e-18       0.00000e+00
 145.7700000       2.34315e-18       2.34315e-18       0.00000e+00
 145.8800000       2.26882e-18       2.26882e-18       0.00000e+00
 145.9630000       2.26882e-18       2.26882e-18       0.00000e+00
 146.0740000       2.22024e-18       2.22024e-18       0.00000e+00
 146.1290000       2.14981e-18       2.14981e-18       0.00000e+00
 146.2400000       2.12667e-18       2.12667e-18       0.00000e+00
 146.3500000       2.10378e-18       2.10378e-18       0.00000e+00
 146.4060000       2.08113e-18       2.08113e-18       0.00000e+00
 146.5160000       2.03704e-18       2.03704e-18       0.00000e+00
 146.5990000       1.99343e-18       1.99343e-18       0.00000e+00
 146.6820000       1.99343e-18       1.99343e-18       0.00000e+00
 146.7930000       1.95074e-18       1.95074e-18       0.00000e+00
 146.8760000       1.88886e-18       1.88886e-18       0.00000e+00
 146.9590000       1.90897e-18       1.90897e-18       0.00000e+00
 147.0690000       1.88886e-18       1.88886e-18       0.00000e+00
 147.1800000       1.86853e-18       1.86853e-18       0.00000e+00
 147.2900000       1.82852e-18       1.82852e-18       0.00000e+00
 147.3730000       1.80884e-18       1.80884e-18       0.00000e+00
 147.4840000       1.78937e-18       1.78937e-18       0.00000e+00
 147.5940000       1.77011e-18       1.77011e-18       0.00000e+00
 147.7050000       1.75106e-18       1.75106e-18       0.00000e+00
 147.7880000       1.73261e-18       1.73261e-18       0.00000e+00
 147.8990000       1.69551e-18       1.69551e-18       0.00000e+00
 147.9820000       1.67726e-18       1.67726e-18       0.00000e+00
 148.0920000       1.64172e-18       1.64172e-18       0.00000e+00
 148.1750000       1.62405e-18       1.62405e-18       0.00000e+00
 148.2580000       1.55561e-18       1.55561e-18       0.00000e+00
 148.3410000       1.53886e-18       1.53886e-18       0.00000e+00
 148.4520000       1.52230e-18       1.52230e-18       0.00000e+00
 148.5350000       1.48970e-18       1.48970e-18       0.00000e+00
 148.6450000       1.44245e-18       1.44245e-18       0.00000e+00
 148.7000000       1.41156e-18       1.41156e-18       0.00000e+00
 148.7830000       1.38166e-18       1.38166e-18       0.00000e+00
 148.8660000       1.33752e-18       1.33752e-18       0.00000e+00
 148.9490000       1.29509e-18       1.29509e-18       0.00000e+00
 149.0320000       1.26765e-18       1.26765e-18       0.00000e+00
 149.1430000       1.24051e-18       1.24051e-18       0.00000e+00
 149.2260000       1.21395e-18       1.21395e-18       0.00000e+00
 149.3090000       1.17544e-18       1.17544e-18       0.00000e+00
 149.4190000       1.15027e-18       1.15027e-18       0.00000e+00
 149.5020000       1.12590e-18       1.12590e-18       0.00000e+00
 149.5850000       1.10179e-18       1.10179e-18       0.00000e+00
