#Data for H2 photodissociation, columns are
#1: ground level index
#2: excited level index
#3: ground level energy, Ei (eV)
#4: energy difference, Ej-Ei (eV)
#5: precomputed pi*e**2/me/c/(E_j-E_i)*f_ij*eps_ij
# where e is the elementary charge, me electron mass, c speed of light
# E_j excited state energy, E_i ground level energy, f_ij oscillator strenght
# eps_j dissociation probabilty. Precomputed is in cm2/s/eV
#------------------------------
0 0 0.27504E+00 11.179 0
1 0 0.79104E+00 10.663 0
2 0 0.12781E+01 10.1759 0
3 0 0.17366E+01 9.7174 0
4 0 0.21669E+01 9.2871 0
5 0 0.25687E+01 8.8853 0
6 0 0.29421E+01 8.5119 0
7 0 0.32867E+01 8.1673 0
8 0 0.36015E+01 7.8525 0
9 0 0.38851E+01 7.5689 0
10 0 0.41355E+01 7.3185 0
11 0 0.43498E+01 7.1042 0
12 0 0.45240E+01 6.93 0
13 0 0.46534E+01 6.8006 0
14 0 0.47299E+01 6.7241 0
0 1 0.27504E+00 11.342 0
1 1 0.79104E+00 10.826 0
2 1 0.12781E+01 10.3389 0
3 1 0.17366E+01 9.8804 0
4 1 0.21669E+01 9.4501 0
5 1 0.25687E+01 9.0483 0
6 1 0.29421E+01 8.6749 0
7 1 0.32867E+01 8.3303 0
8 1 0.36015E+01 8.0155 0
9 1 0.38851E+01 7.7319 0
10 1 0.41355E+01 7.4815 0
11 1 0.43498E+01 7.2672 0
12 1 0.45240E+01 7.093 0
13 1 0.46534E+01 6.9636 0
14 1 0.47299E+01 6.8871 0
0 2 0.27504E+00 11.502 0
1 2 0.79104E+00 10.986 0
2 2 0.12781E+01 10.4989 0
3 2 0.17366E+01 10.0404 0
4 2 0.21669E+01 9.6101 0
5 2 0.25687E+01 9.2083 0
6 2 0.29421E+01 8.8349 0
7 2 0.32867E+01 8.4903 0
8 2 0.36015E+01 8.1755 0
9 2 0.38851E+01 7.8919 0
10 2 0.41355E+01 7.6415 0
11 2 0.43498E+01 7.4272 0
12 2 0.45240E+01 7.253 0
13 2 0.46534E+01 7.1236 0
14 2 0.47299E+01 7.0471 0
0 3 0.27504E+00 11.657 0
1 3 0.79104E+00 11.141 0
2 3 0.12781E+01 10.6539 0
3 3 0.17366E+01 10.1954 0
4 3 0.21669E+01 9.7651 0
5 3 0.25687E+01 9.3633 0
6 3 0.29421E+01 8.9899 0
7 3 0.32867E+01 8.6453 0
8 3 0.36015E+01 8.3305 0
9 3 0.38851E+01 8.0469 0
10 3 0.41355E+01 7.7965 0
11 3 0.43498E+01 7.5822 0
12 3 0.45240E+01 7.408 0
13 3 0.46534E+01 7.2786 0
14 3 0.47299E+01 7.2021 0
0 4 0.27504E+00 11.807 5.05774e-08
1 4 0.79104E+00 11.291 7.91922e-08
2 4 0.12781E+01 10.8039 4.93037e-09
3 4 0.17366E+01 10.3454 5.26176e-08
4 4 0.21669E+01 9.9151 6.75356e-08
5 4 0.25687E+01 9.5133 3.28087e-09
6 4 0.29421E+01 9.1399 1.11943e-07
7 4 0.32867E+01 8.7953 2.64131e-08
8 4 0.36015E+01 8.4805 8.24341e-08
9 4 0.38851E+01 8.1969 1.28123e-07
10 4 0.41355E+01 7.9465 4.1415e-08
11 4 0.43498E+01 7.7322 4.97711e-07
12 4 0.45240E+01 7.558 1.75264e-07
13 4 0.46534E+01 7.4286 9.2249e-09
14 4 0.47299E+01 7.3521 5.65318e-12
0 5 0.27504E+00 11.954 7.99154e-07
1 5 0.79104E+00 11.438 7.1501e-07
2 5 0.12781E+01 10.9509 3.44734e-08
3 5 0.17366E+01 10.4924 9.72093e-07
4 5 0.21669E+01 10.0621 1.46972e-07
5 5 0.25687E+01 9.6603 7.6581e-07
6 5 0.29421E+01 9.2869 7.56591e-07
7 5 0.32867E+01 8.9423 3.49826e-07
8 5 0.36015E+01 8.6275 1.47379e-06
9 5 0.38851E+01 8.3439 1.08168e-07
10 5 0.41355E+01 8.0935 2.12837e-06
11 5 0.43498E+01 7.8792 3.90801e-07
12 5 0.45240E+01 7.705 7.79308e-06
13 5 0.46534E+01 7.5756 4.4884e-07
14 5 0.47299E+01 7.4991 3.69236e-07
0 6 0.27504E+00 12.096 1.5426e-06
1 6 0.79104E+00 11.58 6.86485e-07
2 6 0.12781E+01 11.0929 4.72028e-07
3 6 0.17366E+01 10.6344 1.32699e-06
4 6 0.21669E+01 10.2041 7.32385e-08
5 6 0.25687E+01 9.8023 1.84371e-06
6 6 0.29421E+01 9.4289 1.70229e-08
7 6 0.32867E+01 9.0843 2.1725e-06
8 6 0.36015E+01 8.7695 1.64616e-07
9 6 0.38851E+01 8.4859 2.59649e-06
10 6 0.41355E+01 8.2355 1.00549e-07
11 6 0.43498E+01 8.0212 3.22954e-06
12 6 0.45240E+01 7.847 2.02876e-06
13 6 0.46534E+01 7.7176 1.21602e-05
14 6 0.47299E+01 7.6411 1.25439e-06
0 7 0.27504E+00 12.235 1.0959e-05
1 7 0.79104E+00 11.719 1.86326e-06
2 7 0.12781E+01 11.2319 6.36855e-06
3 7 0.17366E+01 10.7734 4.25893e-06
4 7 0.21669E+01 10.3431 4.8595e-06
5 7 0.25687E+01 9.9413 7.16505e-06
6 7 0.29421E+01 9.5679 4.05683e-06
7 7 0.32867E+01 9.2233 9.69704e-06
8 7 0.36015E+01 8.9085 4.82221e-06
9 7 0.38851E+01 8.6249 9.84057e-06
10 7 0.41355E+01 8.3745 1.01168e-05
11 7 0.43498E+01 8.1602 3.21311e-06
12 7 0.45240E+01 7.986 1.282e-05
13 7 0.46534E+01 7.8566 5.05092e-05
14 7 0.47299E+01 7.7801 6.93102e-06
0 8 0.27504E+00 12.369 8.75818e-06
1 8 0.79104E+00 11.853 4.65134e-07
2 8 0.12781E+01 11.3659 1.08516e-05
3 8 0.17366E+01 10.9074 1.08121e-06
4 8 0.21669E+01 10.4771 1.16228e-05
5 8 0.25687E+01 10.0753 1.65763e-06
6 8 0.29421E+01 9.7019 1.37392e-05
7 8 0.32867E+01 9.3573 1.38042e-06
8 8 0.36015E+01 9.0425 1.7447e-05
9 8 0.38851E+01 8.7589 2.6287e-08
10 8 0.41355E+01 8.5085 1.94866e-05
11 8 0.43498E+01 8.2942 6.33234e-06
12 8 0.45240E+01 8.12 5.16649e-06
13 8 0.46534E+01 7.9906 5.62848e-07
14 8 0.47299E+01 7.9141 6.22124e-05
0 9 0.27504E+00 12.5 1.89315e-05
1 9 0.79104E+00 11.984 2.34674e-08
2 9 0.12781E+01 11.4969 1.48149e-05
3 9 0.17366E+01 11.0384 9.9821e-08
4 9 0.21669E+01 10.6081 1.63862e-05
5 9 0.25687E+01 10.2063 4.74112e-07
6 9 0.29421E+01 9.8329 1.83902e-05
7 9 0.32867E+01 9.4883 2.44413e-06
8 9 0.36015E+01 9.1735 1.72537e-05
9 9 0.38851E+01 8.8899 1.06014e-05
10 9 0.41355E+01 8.6395 6.23982e-06
11 9 0.43498E+01 8.4252 2.42741e-05
12 9 0.45240E+01 8.251 5.99196e-06
13 9 0.46534E+01 8.1216 9.82282e-06
14 9 0.47299E+01 8.0451 1.62305e-05
0 10 0.27504E+00 12.627 1.65107e-05
1 10 0.79104E+00 12.111 8.90737e-07
2 10 0.12781E+01 11.6239 1.16514e-05
3 10 0.17366E+01 11.1654 2.41772e-06
4 10 0.21669E+01 10.7351 1.09365e-05
5 10 0.25687E+01 10.3333 5.53216e-06
6 10 0.29421E+01 9.9599 8.85004e-06
7 10 0.32867E+01 9.6153 1.17946e-05
8 10 0.36015E+01 9.3005 3.28915e-06
9 10 0.38851E+01 9.0169 1.99738e-05
10 10 0.41355E+01 8.7665 1.05188e-06
11 10 0.43498E+01 8.5522 1.16472e-05
12 10 0.45240E+01 8.378 1.72416e-05
13 10 0.46534E+01 8.2486 1.17281e-05
14 10 0.47299E+01 8.1721 2.16124e-05
0 11 0.27504E+00 12.75 1.41372e-05
1 11 0.79104E+00 12.234 2.423e-06
2 11 0.12781E+01 11.7469 7.86354e-06
3 11 0.17366E+01 11.2884 5.79413e-06
4 11 0.21669E+01 10.8581 4.93682e-06
5 11 0.25687E+01 10.4563 1.07299e-05
6 11 0.29421E+01 10.0829 1.48364e-06
7 11 0.32867E+01 9.7383 1.59175e-05
8 11 0.36015E+01 9.4235 4.55635e-07
9 11 0.38851E+01 9.1399 1.3684e-05
10 11 0.41355E+01 8.8895 1.12314e-05
11 11 0.43498E+01 8.6752 2.53475e-07
12 11 0.45240E+01 8.501 1.11665e-05
13 11 0.46534E+01 8.3716 7.83243e-06
14 11 0.47299E+01 8.2951 4.02193e-05
0 12 0.27504E+00 12.87 1.5725e-05
1 12 0.79104E+00 12.354 5.32082e-06
2 12 0.12781E+01 11.8669 5.92701e-06
3 12 0.17366E+01 11.4084 1.10271e-05
4 12 0.21669E+01 10.9781 1.44513e-06
5 12 0.25687E+01 10.5763 1.62853e-05
6 12 0.29421E+01 10.2029 2.90412e-07
7 12 0.32867E+01 9.8583 1.60246e-05
8 12 0.36015E+01 9.5435 8.31888e-06
9 12 0.38851E+01 9.2599 4.5019e-06
10 12 0.41355E+01 9.0095 2.05064e-05
11 12 0.43498E+01 8.7952 5.38845e-06
12 12 0.45240E+01 8.621 1.43864e-06
13 12 0.46534E+01 8.4916 1.09673e-05
14 12 0.47299E+01 8.4151 2.06917e-06
0 13 0.27504E+00 12.986 1.28596e-05
1 13 0.79104E+00 12.47 6.98042e-06
2 13 0.12781E+01 11.9829 2.64631e-06
3 13 0.17366E+01 11.5244 1.21556e-05
4 13 0.21669E+01 11.0941 2.81195e-09
5 13 0.25687E+01 10.6923 1.34593e-05
6 13 0.29421E+01 10.3189 4.14172e-06
7 13 0.32867E+01 9.9743 7.13209e-06
8 13 0.36015E+01 9.6595 1.50349e-05
9 13 0.38851E+01 9.3759 4.85654e-08
10 13 0.41355E+01 9.1255 1.27766e-05
11 13 0.43498E+01 8.9112 1.42458e-05
12 13 0.45240E+01 8.737 1.79057e-06
13 13 0.46534E+01 8.6076 4.53299e-07
14 13 0.47299E+01 8.5311 1.89254e-05
0 14 0.27504E+00 13.098 1.13943e-05
1 14 0.79104E+00 12.582 8.83269e-06
2 14 0.12781E+01 12.0949 8.45855e-07
3 14 0.17366E+01 11.6364 1.24729e-05
4 14 0.21669E+01 11.2061 1.27878e-06
5 14 0.25687E+01 10.8043 9.37205e-06
6 14 0.29421E+01 10.4309 9.576e-06
7 14 0.32867E+01 10.0863 1.33477e-06
8 14 0.36015E+01 9.7715 1.63445e-05
9 14 0.38851E+01 9.4879 4.65929e-06
10 14 0.41355E+01 9.2375 3.58038e-06
11 14 0.43498E+01 9.0232 1.54534e-05
12 14 0.45240E+01 8.849 9.24802e-06
13 14 0.46534E+01 8.7196 1.02305e-06
14 14 0.47299E+01 8.6431 5.47641e-06
0 15 0.27504E+00 13.207 9.73681e-06
1 15 0.79104E+00 12.691 1.00015e-05
2 15 0.12781E+01 12.2039 5.68013e-08
3 15 0.17366E+01 11.7454 1.09986e-05
4 15 0.21669E+01 11.3151 3.94838e-06
5 15 0.25687E+01 10.9133 4.67684e-06
6 15 0.29421E+01 10.5399 1.29372e-05
7 15 0.32867E+01 10.1953 1.45924e-07
8 15 0.36015E+01 9.8805 1.15211e-05
9 15 0.38851E+01 9.5969 1.13873e-05
10 15 0.41355E+01 9.3465 4.22053e-09
11 15 0.43498E+01 9.1322 8.67946e-06
12 15 0.45240E+01 8.958 1.26829e-05
13 15 0.46534E+01 8.8286 6.35179e-06
14 15 0.47299E+01 8.7521 4.4247e-07
0 16 0.27504E+00 13.312 7.9361e-06
1 16 0.79104E+00 12.796 1.02613e-05
2 16 0.12781E+01 12.3089 1.3367e-07
3 16 0.17366E+01 11.8504 8.38136e-06
4 16 0.21669E+01 11.4201 6.50195e-06
5 16 0.25687E+01 11.0183 1.32472e-06
6 16 0.29421E+01 10.6449 1.2676e-05
7 16 0.32867E+01 10.3003 2.70509e-06
8 16 0.36015E+01 9.9855 5.00058e-06
9 16 0.38851E+01 9.7019 1.39187e-05
10 16 0.41355E+01 9.4515 2.94024e-06
11 16 0.43498E+01 9.2372 1.87989e-06
12 16 0.45240E+01 9.063 9.1664e-06
13 16 0.46534E+01 8.9336 8.04501e-06
14 16 0.47299E+01 8.8571 1.00385e-05
0 17 0.27504E+00 13.414 7.07511e-06
1 17 0.79104E+00 12.898 1.10916e-05
2 17 0.12781E+01 12.4109 8.28687e-07
3 17 0.17366E+01 11.9524 6.33361e-06
4 17 0.21669E+01 11.5221 9.03797e-06
5 17 0.25687E+01 11.1203 4.4186e-08
6 17 0.29421E+01 10.7469 1.10915e-05
7 17 0.32867E+01 10.4023 6.95528e-06
8 17 0.36015E+01 10.0875 9.86815e-07
9 17 0.38851E+01 9.8039 1.29159e-05
10 17 0.41355E+01 9.5535 8.50914e-06
11 17 0.43498E+01 9.3392 5.39755e-08
12 17 0.45240E+01 9.165 4.00602e-06
13 17 0.46534E+01 9.0356 7.08017e-06
14 17 0.47299E+01 8.9591 7.32045e-07
0 18 0.27504E+00 13.513 5.84109e-06
1 18 0.79104E+00 12.997 1.07878e-05
2 18 0.12781E+01 12.5099 1.81822e-05
3 18 0.17366E+01 12.0514 3.96502e-06
4 18 0.21669E+01 11.6211 9.96112e-06
5 18 0.25687E+01 11.2193 4.33791e-07
6 18 0.29421E+01 10.8459 7.44051e-06
7 18 0.32867E+01 10.5013 1.00409e-05
8 18 0.36015E+01 10.1865 7.45113e-08
9 18 0.38851E+01 9.9029 8.11265e-06
10 18 0.41355E+01 9.6525 1.1745e-05
11 18 0.43498E+01 9.4382 2.58173e-06
12 18 0.45240E+01 9.264 4.09921e-07
13 18 0.46534E+01 9.1346 3.25196e-06
14 18 0.47299E+01 9.0581 6.04e-06
0 19 0.27504E+00 13.608 4.97829e-06
1 19 0.79104E+00 13.092 1.0592e-05
2 19 0.12781E+01 12.6049 2.98399e-06
3 19 0.17366E+01 12.1464 2.2145e-06
4 19 0.21669E+01 11.7161 1.01742e-05
5 19 0.25687E+01 11.3143 1.95327e-06
6 19 0.29421E+01 10.9409 4.1279e-06
7 19 0.32867E+01 10.5963 1.15464e-05
8 19 0.36015E+01 10.2815 1.85675e-06
9 19 0.38851E+01 9.9979 3.55049e-06
10 19 0.41355E+01 9.7475 1.18655e-05
11 19 0.43498E+01 9.5332 6.66055e-06
12 19 0.45240E+01 9.359 4.16407e-07
13 19 0.46534E+01 9.2296 6.2815e-07
14 19 0.47299E+01 9.1531 1.46165e-07
0 20 0.27504E+00 13.701 4.08436e-06
1 20 0.79104E+00 13.185 9.83325e-06
2 20 0.12781E+01 12.6979 3.99902e-06
3 20 0.17366E+01 12.2394 9.41688e-07
4 20 0.21669E+01 11.8091 9.1962e-06
5 20 0.25687E+01 11.4073 3.81597e-06
6 20 0.29421E+01 11.0339 1.55536e-06
7 20 0.32867E+01 10.6893 1.0706e-05
8 20 0.36015E+01 10.3745 4.71699e-06
9 20 0.38851E+01 10.0909 6.41899e-07
10 20 0.41355E+01 9.8405 8.8842e-06
11 20 0.43498E+01 9.6262 9.23367e-06
12 20 0.45240E+01 9.452 2.75881e-06
13 20 0.46534E+01 9.3226 6.05665e-08
14 20 0.47299E+01 9.2461 7.31947e-07
0 21 0.27504E+00 13.79 3.36866e-06
1 21 0.79104E+00 13.274 9.04021e-06
2 21 0.12781E+01 12.7869 4.86688e-06
3 21 0.17366E+01 12.3284 2.43518e-07
4 21 0.21669E+01 11.8981 7.78485e-06
5 21 0.25687E+01 11.4963 5.52532e-06
6 21 0.29421E+01 11.1229 2.42936e-07
7 21 0.32867E+01 10.7783 8.63622e-06
8 21 0.36015E+01 10.4635 7.29024e-06
9 21 0.38851E+01 10.1799 4.539e-08
10 21 0.41355E+01 9.9295 5.12272e-06
11 21 0.43498E+01 9.7152 9.46499e-06
12 21 0.45240E+01 9.541 5.39606e-06
13 21 0.46534E+01 9.4116 1.20094e-06
14 21 0.47299E+01 9.3351 4.56596e-07
0 22 0.27504E+00 13.876 2.79335e-06
1 22 0.79104E+00 13.36 8.25653e-06
2 22 0.12781E+01 12.8729 5.55931e-06
3 22 0.17366E+01 12.4144 3.97741e-09
4 22 0.21669E+01 11.9841 6.21187e-06
5 22 0.25687E+01 11.5823 6.79091e-06
6 22 0.29421E+01 11.2089 3.74857e-08
7 22 0.32867E+01 10.8643 6.09852e-06
8 22 0.36015E+01 10.5495 8.82374e-06
9 22 0.38851E+01 10.2659 1.17003e-06
10 22 0.41355E+01 10.0155 2.03743e-06
11 22 0.43498E+01 9.8012 7.78814e-06
12 22 0.45240E+01 9.627 6.9683e-06
13 22 0.46534E+01 9.4976 2.91207e-06
14 22 0.47299E+01 9.4211 2.64157e-07
0 23 0.27504E+00 13.959 2.3135e-06
1 23 0.79104E+00 13.443 7.4504e-06
2 23 0.12781E+01 12.9559 6.02969e-06
3 23 0.17366E+01 12.4974 1.01182e-07
4 23 0.21669E+01 12.0671 4.64472e-06
5 23 0.25687E+01 11.6653 7.45865e-06
6 23 0.29421E+01 11.2919 6.21379e-07
7 23 0.32867E+01 10.9473 3.67993e-06
8 23 0.36015E+01 10.6325 9.06889e-06
9 23 0.38851E+01 10.3489 3.09932e-06
10 23 0.41355E+01 10.0985 3.29569e-07
11 23 0.43498E+01 9.8842 5.18577e-06
12 23 0.45240E+01 9.71 6.95868e-06
13 23 0.46534E+01 9.5806 4.19724e-06
14 23 0.47299E+01 9.5041 1.95101e-06
0 24 0.27504E+00 14.039 1.94901e-06
1 24 0.79104E+00 13.523 6.78182e-06
2 24 0.12781E+01 13.0359 6.40262e-06
3 24 0.17366E+01 12.5774 4.26698e-07
4 24 0.21669E+01 12.1471 3.30117e-06
5 24 0.25687E+01 11.7453 7.68776e-06
6 24 0.29421E+01 11.3719 1.66105e-06
7 24 0.32867E+01 11.0273 1.82419e-06
8 24 0.36015E+01 10.7125 8.39195e-06
9 24 0.38851E+01 10.4289 5.09176e-06
10 24 0.41355E+01 10.1785 4.69235e-08
11 24 0.43498E+01 9.9642 2.73658e-06
12 24 0.45240E+01 9.79 5.86738e-06
13 24 0.46534E+01 9.6606 4.7095e-06
14 24 0.47299E+01 9.5841 1.44913e-06
0 25 0.27504E+00 14.116 1.6352e-06
1 25 0.79104E+00 13.6 6.09754e-06
2 25 0.12781E+01 13.1129 6.56748e-06
3 25 0.17366E+01 12.6544 8.82979e-07
4 25 0.21669E+01 12.2241 2.15892e-06
5 25 0.25687E+01 11.8223 7.40881e-06
6 25 0.29421E+01 11.4489 2.83913e-06
7 25 0.32867E+01 11.1043 6.13849e-07
8 25 0.36015E+01 10.7895 6.97212e-06
9 25 0.38851E+01 10.5059 6.5489e-06
10 25 0.41355E+01 10.2555 8.14263e-07
11 25 0.43498E+01 10.0412 9.55539e-07
12 25 0.45240E+01 9.867 4.13553e-06
13 25 0.46534E+01 9.7376 4.35739e-06
14 25 0.47299E+01 9.6611 2.47733e-06
0 26 0.27504E+00 14.189 1.38428e-06
1 26 0.79104E+00 13.673 5.4958e-06
2 26 0.12781E+01 13.1859 6.63065e-06
3 26 0.17366E+01 12.7274 1.40268e-06
4 26 0.21669E+01 12.2971 1.28951e-06
5 26 0.25687E+01 11.8953 6.84199e-06
6 26 0.29421E+01 11.5219 3.95652e-06
7 26 0.32867E+01 11.1773 6.35945e-08
8 26 0.36015E+01 10.8625 5.30206e-06
9 26 0.38851E+01 10.5789 7.30748e-06
10 26 0.41355E+01 10.3285 2.13127e-06
11 26 0.43498E+01 10.1142 1.01995e-07
12 26 0.45240E+01 9.94 2.4159e-06
13 26 0.46534E+01 9.8106 3.48398e-06
14 26 0.47299E+01 9.7341 1.63994e-06
0 27 0.27504E+00 14.26 1.16067e-06
1 27 0.79104E+00 13.744 4.87557e-06
2 27 0.12781E+01 13.2569 6.49115e-06
3 27 0.17366E+01 12.7984 1.89881e-06
4 27 0.21669E+01 12.3681 6.61713e-07
5 27 0.25687E+01 11.9663 5.98612e-06
6 27 0.29421E+01 11.5929 4.79323e-06
7 27 0.32867E+01 11.2483 5.12088e-08
8 27 0.36015E+01 10.9335 3.61117e-06
9 27 0.38851E+01 10.6499 7.24299e-06
10 27 0.41355E+01 10.3995 3.48449e-06
11 27 0.43498E+01 10.1852 7.75295e-08
12 27 0.45240E+01 10.011 1.05985e-06
13 27 0.46534E+01 9.8816 2.37406e-06
14 27 0.47299E+01 9.8051 1.73829e-06
0 28 0.27504E+00 14.327 9.74895e-07
1 28 0.79104E+00 13.811 4.30687e-06
2 28 0.12781E+01 13.3239 6.24877e-06
3 28 0.17366E+01 12.8654 2.33637e-06
4 28 0.21669E+01 12.4351 2.69279e-07
5 28 0.25687E+01 12.0333 5.04684e-06
6 28 0.29421E+01 11.6599 5.31912e-06
7 28 0.32867E+01 11.3153 4.03419e-07
8 28 0.36015E+01 11.0005 2.19788e-06
9 28 0.38851E+01 10.7169 6.60826e-06
10 28 0.41355E+01 10.4665 4.55132e-06
11 28 0.43498E+01 10.2522 6.1155e-07
12 28 0.45240E+01 10.078 2.69502e-07
13 28 0.46534E+01 9.9486 1.36801e-06
14 28 0.47299E+01 9.8721 9.47073e-07
0 29 0.27504E+00 14.391 8.1647e-07
1 29 0.79104E+00 13.875 3.77583e-06
2 29 0.12781E+01 13.3879 5.90211e-06
3 29 0.17366E+01 12.9294 2.67677e-06
4 29 0.21669E+01 12.4991 6.52601e-08
5 29 0.25687E+01 12.0973 4.10002e-06
6 29 0.29421E+01 11.7239 5.51103e-06
7 29 0.32867E+01 11.3793 9.37323e-07
8 29 0.36015E+01 11.0645 1.14971e-06
9 29 0.38851E+01 10.7809 5.60785e-06
10 29 0.41355E+01 10.5305 5.15989e-06
11 29 0.43498E+01 10.3162 1.38659e-06
12 29 0.45240E+01 10.142 3.12666e-09
13 29 0.46534E+01 10.0126 6.2434e-07
14 29 0.47299E+01 9.9361 7.23845e-07
0 30 0.27504E+00 14.451 6.88847e-07
1 30 0.79104E+00 13.935 3.31823e-06
2 30 0.12781E+01 13.4479 5.53857e-06
3 30 0.17366E+01 12.9894 2.93758e-06
4 30 0.21669E+01 12.5591 6.54943e-10
5 30 0.25687E+01 12.1573 3.25308e-06
6 30 0.29421E+01 11.7839 5.47554e-06
7 30 0.32867E+01 11.4393 1.52073e-06
8 30 0.36015E+01 11.1245 4.79372e-07
9 30 0.38851E+01 10.8409 4.51378e-06
10 30 0.41355E+01 10.5905 5.3607e-06
11 30 0.43498E+01 10.3762 2.17282e-06
12 30 0.45240E+01 10.202 1.17704e-07
13 30 0.46534E+01 10.0726 1.8722e-07
14 30 0.47299E+01 9.9961 2.94024e-07
0 31 0.27504E+00 14.506 5.75733e-07
1 31 0.79104E+00 13.99 2.8768e-06
2 31 0.12781E+01 13.5029 5.08902e-06
3 31 0.17366E+01 13.0444 3.06977e-06
4 31 0.21669E+01 12.6141 2.91337e-08
5 31 0.25687E+01 12.2123 2.48645e-06
6 31 0.29421E+01 11.8389 5.18119e-06
7 31 0.32867E+01 11.4943 2.02941e-06
8 31 0.36015E+01 11.1795 1.21319e-07
9 31 0.38851E+01 10.8959 3.41006e-06
10 31 0.41355E+01 10.6455 5.14534e-06
11 31 0.43498E+01 10.4312 2.77907e-06
12 31 0.45240E+01 10.257 4.44726e-07
13 31 0.46534E+01 10.1276 1.22893e-08
14 31 0.47299E+01 10.0511 1.41246e-07
0 32 0.27504E+00 14.556 4.70789e-07
1 32 0.79104E+00 14.04 2.42974e-06
2 32 0.12781E+01 13.5529 4.51842e-06
3 32 0.17366E+01 13.0944 3.02938e-06
4 32 0.21669E+01 12.6641 1.05848e-07
5 32 0.25687E+01 12.2623 1.81546e-06
6 32 0.29421E+01 11.8889 4.64081e-06
7 32 0.32867E+01 11.5443 2.34957e-06
8 32 0.36015E+01 11.2295 3.2831e-09
9 32 0.38851E+01 10.9459 2.40613e-06
10 32 0.41355E+01 10.6955 4.57006e-06
11 32 0.43498E+01 10.4812 3.06925e-06
12 32 0.45240E+01 10.307 8.07227e-07
13 32 0.46534E+01 10.1776 2.37402e-08
14 32 0.47299E+01 10.1011 1.99654e-08
0 33 0.27504E+00 14.601 3.71441e-07
1 33 0.79104E+00 14.085 1.96844e-06
2 33 0.12781E+01 13.5979 3.81645e-06
3 33 0.17366E+01 13.1394 2.7838e-06
4 33 0.21669E+01 12.7091 1.83835e-07
5 33 0.25687E+01 12.3073 1.26054e-06
6 33 0.29421E+01 11.9339 3.89874e-06
7 33 0.32867E+01 11.5893 2.39439e-06
8 33 0.36015E+01 11.2745 2.64959e-08
9 33 0.38851E+01 10.9909 1.5828e-06
10 33 0.41355E+01 10.7405 3.7499e-06
11 33 0.43498E+01 10.5262 2.98302e-06
12 33 0.45240E+01 10.352 1.05033e-06
13 33 0.46534E+01 10.2226 1.17986e-07
14 33 0.47299E+01 10.1461 1.99726e-10
0 34 0.27504E+00 14.636 2.72824e-07
1 34 0.79104E+00 14.12 1.47697e-06
2 34 0.12781E+01 13.6329 2.95797e-06
3 34 0.17366E+01 13.1744 2.29944e-06
4 34 0.21669E+01 12.7441 2.20258e-07
5 34 0.25687E+01 12.3423 8.15018e-07
6 34 0.29421E+01 11.9689 2.98109e-06
7 34 0.32867E+01 11.6243 2.11376e-06
8 34 0.36015E+01 11.3095 8.76337e-08
9 34 0.38851E+01 11.0259 9.58489e-07
10 34 0.41355E+01 10.7755 2.78383e-06
11 34 0.43498E+01 10.5612 2.52213e-06
12 34 0.45240E+01 10.387 1.06788e-06
13 34 0.46534E+01 10.2576 1.9565e-07
14 34 0.47299E+01 10.1811 1.05744e-08
0 35 0.27504E+00 14.661 1.51458e-07
1 35 0.79104E+00 14.145 8.31729e-07
2 35 0.12781E+01 13.6579 1.70173e-06
3 35 0.17366E+01 13.1994 1.37858e-06
4 35 0.21669E+01 12.7691 1.62281e-07
5 35 0.25687E+01 12.3673 4.09026e-07
6 35 0.29421E+01 11.9939 1.69217e-06
7 35 0.32867E+01 11.6493 1.31438e-06
8 35 0.36015E+01 11.3345 9.12971e-08
9 35 0.38851E+01 11.0509 4.53337e-07
10 35 0.41355E+01 10.8005 1.53982e-06
11 35 0.43498E+01 10.5862 1.51814e-06
12 35 0.45240E+01 10.412 7.16309e-07
13 35 0.46534E+01 10.2826 1.64084e-07
14 35 0.47299E+01 10.2061 1.52212e-08
0 36 0.27504E+00 14.672 2.23907e-08
1 36 0.79104E+00 14.156 1.23571e-07
2 36 0.12781E+01 13.6689 2.54828e-07
3 36 0.17366E+01 13.2104 2.09698e-07
4 36 0.21669E+01 12.7801 2.64698e-08
5 36 0.25687E+01 12.3783 5.80074e-08
6 36 0.29421E+01 12.0049 2.51873e-07
7 36 0.32867E+01 11.6603 2.02313e-07
8 36 0.36015E+01 11.3455 1.64307e-08
9 36 0.38851E+01 11.0619 6.26187e-08
10 36 0.41355E+01 10.8115 2.26696e-07
11 36 0.43498E+01 10.5972 2.30732e-07
12 36 0.45240E+01 10.423 1.1305e-07
13 36 0.46534E+01 10.2936 2.77841e-08
14 36 0.47299E+01 10.2171 3.09645e-09
