#             Z            ion           name        E(cm-1)           E(K)          E(eV)            pqn
              1              1            HII    109678.7737   1.567079e+05   1.359808e+01              1
              2              1           HeII   198310.77227   2.833444e+05   2.458677e+01              1
              2              2          HeIII    438908.8863   6.271086e+05   5.441636e+01              1
              3              1           LiII       43487.15   6.213401e+04   5.391580e+00              2
              3              2          LiIII       610079.0   8.716748e+05   7.563820e+01              1
              3              3           LiIV     987661.027   1.411160e+06   1.224512e+02              1
              4              1           BeII       75192.64   1.074345e+05   9.322459e+00              2
              4              2          BeIII      146882.86   2.098648e+05   1.821068e+01              2
              4              3           BeIV      1241242.0   1.773474e+06   1.538904e+02              1
              4              4            BeV    1756018.824   2.508982e+06   2.177130e+02              1
              5              1            BII        66928.1   9.562620e+04   8.297813e+00              2
              5              2           BIII       202887.4   2.898835e+05   2.515418e+01              2
              5              3            BIV       305931.1   4.371113e+05   3.792964e+01              2
              5              4             BV      2092001.4   2.989031e+06   2.593684e+02              1
              5              5            BVI     2744107.87   3.920754e+06   3.402172e+02              1
              6              1            CII       90820.42   1.297633e+05   1.126001e+01              2
              6              2           CIII       196664.7   2.809926e+05   2.438269e+01              2
              6              3            CIV       386241.0   5.518573e+05   4.788655e+01              2
              6              4             CV       520178.4   7.432257e+05   6.449224e+01              2
              6              5            CVI      3162395.0   4.518398e+06   3.920769e+02              1
              6              6           CVII     3952061.52   5.646666e+06   4.899805e+02              1
              7              1            NII       117225.4   1.674905e+05   1.453372e+01              2
              7              2           NIII       238750.5   3.411243e+05   2.960053e+01              2
              7              3            NIV       382703.8   5.468034e+05   4.744800e+01              2
              7              4             NV       624866.0   8.928023e+05   7.747151e+01              2
              7              5            NVI       789537.2   1.128083e+06   9.788761e+01              2
              7              6           NVII      4452745.0   6.362038e+06   5.520558e+02              1
              7              7          NVIII      5380089.3   7.687018e+06   6.670289e+02              1
              8              1            OII      109837.02   1.569340e+05   1.361770e+01              2
              8              2           OIII       283240.0   4.046905e+05   3.511638e+01              2
              8              3            OIV       443086.0   6.330768e+05   5.493425e+01              2
              8              4             OV       624383.8   8.921133e+05   7.741173e+01              2
              8              5            OVI       918657.0   1.312568e+06   1.138960e+02              2
              8              6           OVII      1114008.0   1.591683e+06   1.381158e+02              2
              8              7          OVIII      5963114.0   8.520038e+06   7.393128e+02              1
              8              8            OIX      7028393.6   1.004210e+07   8.713873e+02              1
              9              1            FII       140524.5   2.007800e+05   1.742237e+01              2
              9              2           FIII       282058.6   4.030025e+05   3.496991e+01              2
              9              3            FIV       505777.0   7.226491e+05   6.270674e+01              2
              9              4             FV       702830.0   1.004196e+06   8.713757e+01              2
              9              5            FVI       921430.0   1.316530e+06   1.142398e+02              2
              9              6           FVII      1267606.0   1.811143e+06   1.571591e+02              2
              9              7          FVIII      1493632.0   2.134086e+06   1.851820e+02              2
              9              8            FIX      7693778.0   1.099279e+07   9.538823e+02              1
              9              9             FX      8897240.3   1.271229e+07   1.103089e+03              1
             10              1           NeII       173929.7   2.485090e+05   2.156398e+01              2
             10              2          NeIII       330391.0   4.720594e+05   4.096221e+01              2
             10              3           NeIV       511800.0   7.312547e+05   6.345348e+01              2
             10              4            NeV       783300.0   1.119171e+06   9.711432e+01              2
             10              5           NeVI      1018000.0   1.454508e+06   1.262127e+02              2
             10              6          NeVII      1273800.0   1.819993e+06   1.579270e+02              2
             10              7         NeVIII      1671792.0   2.388640e+06   2.072704e+02              2
             10              8           NeIX      1928462.0   2.755367e+06   2.390926e+02              2
             10              9            NeX      9644957.0   1.378062e+07   1.195791e+03              1
             10             10           NeXI     10986873.0   1.569793e+07   1.362164e+03              1
             11              1           NaII       41449.44   5.922255e+04   5.138943e+00              3
             11              2          NaIII       381390.2   5.449265e+05   4.728514e+01              2
             11              3           NaIV       577654.0   8.253463e+05   7.161812e+01              2
             11              4            NaV       797800.0   1.139889e+06   9.891204e+01              2
             11              5           NaVI      1116300.0   1.594958e+06   1.384000e+02              2
             11              6          NaVII      1388750.0   1.984232e+06   1.721786e+02              2
             11              7         NaVIII      1681700.0   2.402796e+06   2.084988e+02              2
             11              8           NaIX      2131300.0   3.045180e+06   2.642407e+02              2
             11              9            NaX      2418570.0   3.455629e+06   2.998567e+02              2
             11             10           NaXI     11816996.0   1.688401e+07   1.465083e+03              1
             11             11          NaXII     13297671.6   1.899958e+07   1.648659e+03              1
             12              1           MgII       61671.02   8.811494e+04   7.646035e+00              3
             12              2          MgIII      121267.61   1.732659e+05   1.503488e+01              3
             12              3           MgIV       646402.0   9.235727e+05   8.014157e+01              2
             12              4            MgV       881285.0   1.259171e+06   1.092626e+02              2
             12              5           MgVI      1139420.0   1.627992e+06   1.412664e+02              2
             12              6          MgVII      1506300.0   2.152186e+06   1.867526e+02              2
             12              7         MgVIII      1814900.0   2.593111e+06   2.250131e+02              2
             12              8           MgIX      2145100.0   3.064897e+06   2.659516e+02              2
             12              9            MgX      2644700.0   3.778721e+06   3.278926e+02              2
             12             10           MgXI      2964060.0   4.235019e+06   3.674871e+02              2
             12             11          MgXII     14209908.0   2.030297e+07   1.761759e+03              1
             12             12         MgXIII     15829955.0   2.261768e+07   1.962614e+03              1
             13              1           AlII       48278.37   6.897965e+04   5.985601e+00              3
             13              2          AlIII       151862.7   2.169799e+05   1.882809e+01              3
             13              3           AlIV       229445.7   3.278297e+05   2.844691e+01              3
             13              4            AlV       967804.0   1.382789e+06   1.199893e+02              2
             13              5           AlVI      1240684.0   1.772677e+06   1.538212e+02              2
             13              6          AlVII      1536300.0   2.195050e+06   1.904720e+02              2
             13              7         AlVIII      1949900.0   2.785998e+06   2.417506e+02              2
             13              8           AlIX      2295900.0   3.280359e+06   2.846480e+02              2
             13              9            AlX      2662650.0   3.804368e+06   3.301180e+02              2
             13             10           AlXI      3216100.0   4.595132e+06   3.987353e+02              2
             13             11          AlXII      3564960.0   5.093579e+06   4.419873e+02              2
             13             12         AlXIII     16824529.0   2.403872e+07   2.085922e+03              1
             13             13          AlXIV     18584144.0   2.655284e+07   2.304081e+03              1
             14              1           SiII       65747.76   9.393974e+04   8.151473e+00              3
             14              2          SiIII      131838.14   1.883690e+05   1.634542e+01              3
             14              3           SiIV       270139.3   3.859723e+05   3.349214e+01              3
             14              4            SiV       364093.1   5.202126e+05   4.514063e+01              3
             14              5           SiVI      1345070.0   1.921823e+06   1.667631e+02              2
             14              6          SiVII      1655590.0   2.365490e+06   2.052617e+02              2
             14              7         SiVIII      1988000.0   2.840435e+06   2.464742e+02              2
             14              8           SiIX      2448200.0   3.497964e+06   3.035303e+02              2
             14              9            SiX      2832000.0   4.046333e+06   3.511142e+02              2
             14             10           SiXI      3237300.0   4.625422e+06   4.013637e+02              2
             14             11          SiXII      3842100.0   5.489554e+06   4.763474e+02              2
             14             12         SiXIII      4221670.0   6.031880e+06   5.234069e+02              2
             14             13          SiXIV     19660800.0   2.809115e+07   2.437566e+03              1
             14             14           SiXV     21560658.0   3.080565e+07   2.673112e+03              1
             15              1            PII       84580.83   1.208482e+05   1.048642e+01              3
             15              2           PIII       159451.5   2.278227e+05   1.976896e+01              3
             15              3            PIV       243600.7   3.480542e+05   3.020186e+01              3
             15              4             PV       414922.8   5.928375e+05   5.144254e+01              3
             15              5            PVI       524462.9   7.493473e+05   6.502343e+01              3
             15              6           PVII      1777820.0   2.540131e+06   2.204159e+02              2
             15              7          PVIII      2125800.0   3.037322e+06   2.635588e+02              2
             15              8            PIX      2497100.0   3.567832e+06   3.095930e+02              2
             15              9             PX      3001400.0   4.288370e+06   3.721166e+02              2
             15             10            PXI      3423200.0   4.891034e+06   4.244118e+02              2
             15             11           PXII      3867100.0   5.525274e+06   4.794469e+02              2
             15             12          PXIII      4523000.0   6.462417e+06   5.607661e+02              2
             15             13           PXIV      4934000.0   7.049650e+06   6.117223e+02              2
             15             14            PXV     22719920.0   3.246199e+07   2.816838e+03              1
             15             15           PXVI     24759942.5   3.537676e+07   3.069762e+03              1
             16              1            SII        83559.1   1.193884e+05   1.035974e+01              3
             16              2           SIII       188232.7   2.689450e+05   2.333728e+01              3
             16              3            SIV       280600.0   4.009185e+05   3.478907e+01              3
             16              4             SV       380870.0   5.441832e+05   4.722064e+01              3
             16              5            SVI       585514.1   8.365767e+05   7.259262e+01              3
             16              6           SVII       710194.7   1.014719e+06   8.805065e+01              3
             16              7          SVIII      2266000.0   3.237638e+06   2.809409e+02              2
             16              8            SIX      2651500.0   3.788437e+06   3.287356e+02              2
             16              9             SX      3061300.0   4.373955e+06   3.795430e+02              2
             16             10            SXI      3609000.0   5.156503e+06   4.474474e+02              2
             16             11           SXII      4071300.0   5.817033e+06   5.047638e+02              2
             16             12          SXIII      4552500.0   6.504566e+06   5.644235e+02              2
             16             13           SXIV      5260000.0   7.515435e+06   6.521401e+02              2
             16             14            SXV      5702400.0   8.147532e+06   7.069893e+02              2
             16             15           SXVI     26001513.0   3.715070e+07   3.223694e+03              1
             16             16          SXVII     28182526.0   4.026691e+07   3.494098e+03              1
             17              1           ClII       104591.0   1.494386e+05   1.296730e+01              3
             17              2          ClIII       192070.0   2.744277e+05   2.381303e+01              3
             17              3           ClIV       319500.0   4.564984e+05   3.961193e+01              3
             17              4            ClV       431226.0   6.161314e+05   5.346383e+01              3
             17              5           ClVI       547000.0   7.815481e+05   6.781761e+01              3
             17              6          ClVII       782600.0   1.118171e+06   9.702753e+01              3
             17              7         ClVIII       921093.0   1.316048e+06   1.141980e+02              3
             17              8           ClIX      2809100.0   4.013614e+06   3.482750e+02              2
             17              9            ClX      3232700.0   4.618849e+06   4.007934e+02              2
             17             10           ClXI      3674900.0   5.250660e+06   4.556178e+02              2
             17             11          ClXII      4268900.0   6.099362e+06   5.292625e+02              2
             17             12         ClXIII      4774000.0   6.821043e+06   5.918853e+02              2
             17             13          ClXIV      5293800.0   7.563729e+06   6.563306e+02              2
             17             14           ClXV      6047200.0   8.640179e+06   7.497379e+02              2
             17             15          ClXVI      6526714.0   9.325304e+06   8.091885e+02              2
             17             16         ClXVII     29507666.0   4.216026e+07   3.658390e+03              1
             17             17        ClXVIII     31828900.0   4.547681e+07   3.946179e+03              1
             18              1           ArII       127109.8   1.816132e+05   1.575920e+01              3
             18              2          ArIII       222848.2   3.184033e+05   2.762894e+01              3
             18              3           ArIV       328600.0   4.695004e+05   4.074016e+01              3
             18              4            ArV       482400.0   6.892483e+05   5.980843e+01              3
             18              5           ArVI       605100.0   8.645608e+05   7.502090e+01              3
             18              6          ArVII       734040.0   1.048789e+06   9.100701e+01              3
             18              7         ArVIII      1002730.0   1.432691e+06   1.243195e+02              3
             18              8           ArIX      1157056.0   1.653190e+06   1.434530e+02              3
             18              9            ArX      3407300.0   4.868316e+06   4.224405e+02              2
             18             10           ArXI      3860900.0   5.516415e+06   4.786782e+02              2
             18             11          ArXII      4347000.0   6.210950e+06   5.389454e+02              2
             18             12         ArXIII      4986600.0   7.124804e+06   6.182437e+02              2
             18             13          ArXIV      5533800.0   7.906638e+06   6.860861e+02              2
             18             14           ArXV      6095500.0   8.709189e+06   7.557262e+02              2
             18             15          ArXVI      6894200.0   9.850364e+06   8.547498e+02              2
             18             16         ArXVII      7407274.0   1.058344e+07   9.183612e+02              2
             18             17        ArXVIII     33236829.0   4.748845e+07   4.120735e+03              1
             18             18          ArXIX     35699780.0   5.100749e+07   4.426094e+03              1
             19              1            KII      35009.814   5.002167e+04   4.340552e+00              4
             19              2           KIII       255100.0   3.644843e+05   3.162755e+01              3
             19              3            KIV       369450.0   5.278665e+05   4.580478e+01              3
             19              4             KV       491300.0   7.019645e+05   6.091187e+01              3
             19              5            KVI       666700.0   9.525743e+05   8.265813e+01              3
             19              6           KVII       802000.0   1.145890e+06   9.943276e+01              3
             19              7          KVIII       948200.0   1.354779e+06   1.175588e+02              3
             19              8            KIX      1249200.0   1.784844e+06   1.548771e+02              3
             19              9             KX      1418063.0   2.026114e+06   1.758129e+02              3
             19             10            KXI      4063000.0   5.805174e+06   5.037348e+02              2
             19             11           KXII      4555000.0   6.508138e+06   5.647335e+02              2
             19             12          KXIII      5077000.0   7.253967e+06   6.294515e+02              2
             19             13           KXIV      5764000.0   8.235546e+06   7.146265e+02              2
             19             14            KXV      6345000.0   9.065673e+06   7.866594e+02              2
             19             15           KXVI      6945000.0   9.922947e+06   8.610480e+02              2
             19             16          KXVII      7810000.0   1.115885e+07   9.682916e+02              2
             19             17         KXVIII      8344200.0   1.192211e+07   1.034522e+03              2
             19             18           KXIX     37188200.0   5.313413e+07   4.610630e+03              1
             19             19            KXX     39795750.0   5.685977e+07   4.933917e+03              1
             20              1           CaII       49305.95   7.044785e+04   6.113001e+00              4
             20              2          CaIII       95751.87   1.368093e+05   1.187141e+01              4
             20              3           CaIV       410642.0   5.867212e+05   5.091181e+01              3
             20              4            CaV       542600.0   7.752615e+05   6.727209e+01              3
             20              5           CaVI       681600.0   9.738633e+05   8.450545e+01              3
             20              6          CaVII       877400.0   1.253620e+06   1.087809e+02              3
             20              7         CaVIII      1026000.0   1.465939e+06   1.272045e+02              3
             20              8           CaIX      1187600.0   1.696831e+06   1.472398e+02              3
             20              9            CaX      1520640.0   2.172675e+06   1.885305e+02              3
             20             10           CaXI      1704047.0   2.434725e+06   2.112695e+02              3
             20             11          CaXII      4774000.0   6.821043e+06   5.918853e+02              2
             20             12         CaXIII      5301000.0   7.574016e+06   6.572233e+02              2
             20             13          CaXIV      5861000.0   8.374138e+06   7.266526e+02              2
             20             14           CaXV      6595000.0   9.422870e+06   8.176547e+02              2
             20             15          CaXVI      7215000.0   1.030872e+07   8.945229e+02              2
             20             16         CaXVII      7860000.0   1.123029e+07   9.744907e+02              2
             20             17        CaXVIII      8770000.0   1.253049e+07   1.087313e+03              2
             20             18          CaXIX      9338000.0   1.334204e+07   1.157735e+03              2
             20             19           CaXX     41366000.0   5.910333e+07   5.128598e+03              1
             20             20          CaXXI     44117410.0   6.303451e+07   5.469721e+03              1
             21              1           ScII        52922.0   7.561442e+04   6.561322e+00              4
             21              2          ScIII       103237.1   1.475041e+05   1.279944e+01              4
             21              3           ScIV      199677.37   2.852970e+05   2.475620e+01              3
             21              4            ScV       592732.0   8.468896e+05   7.348751e+01              3
             21              5           ScVI       739500.0   1.056590e+06   9.168395e+01              3
             21              6          ScVII       892700.0   1.275481e+06   1.106778e+02              3
             21              7         ScVIII      1113000.0   1.590243e+06   1.379909e+02              3
             21              8           ScIX      1275000.0   1.821707e+06   1.580758e+02              3
             21              9            ScX      1452000.0   2.074603e+06   1.800204e+02              3
             21             10           ScXI      1816200.0   2.594968e+06   2.251743e+02              3
             21             11          ScXII      2014760.0   2.878669e+06   2.497920e+02              3
             21             12         ScXIII      5543900.0   7.921069e+06   6.873383e+02              2
             21             13          ScXIV      6103000.0   8.719905e+06   7.566560e+02              2
             21             14           ScXV      6701000.0   9.574322e+06   8.307967e+02              2
             21             15          ScXVI      7481000.0   1.068878e+07   9.275019e+02              2
             21             16         ScXVII      8140000.0   1.163035e+07   1.009205e+03              2
             21             17        ScXVIII      8820000.0   1.260193e+07   1.093512e+03              2
             21             18          ScXIX      9780000.0   1.397357e+07   1.212534e+03              2
             21             19           ScXX     10388200.0   1.484256e+07   1.287939e+03              2
             21             20          ScXXI     45770000.0   6.539572e+07   5.674610e+03              1
             21             21         ScXXII     48665520.0   6.953281e+07   6.033600e+03              1
             22              1           TiII        55010.0   7.859774e+04   6.820195e+00              4
             22              2          TiIII       109494.0   1.564439e+05   1.357518e+01              4
             22              3           TiIV       221735.6   3.168136e+05   2.749100e+01              3
             22              4            TiV       348973.3   4.986096e+05   4.326606e+01              3
             22              5           TiVI       800900.0   1.144318e+06   9.929638e+01              3
             22              6          TiVII       964100.0   1.377496e+06   1.195301e+02              3
             22              7         TiVIII      1136000.0   1.623105e+06   1.408424e+02              3
             22              8           TiIX      1374000.0   1.963157e+06   1.703499e+02              3
             22              9            TiX      1549000.0   2.213196e+06   1.920466e+02              3
             22             10           TiXI      1741500.0   2.488238e+06   2.159129e+02              3
             22             11          TiXII      2137900.0   3.054610e+06   2.650590e+02              3
             22             12         TiXIII      2351080.0   3.359200e+06   2.914892e+02              3
             22             13          TiXIV      6354300.0   9.078960e+06   7.878125e+02              2
             22             14           TiXV      6961000.0   9.945807e+06   8.630317e+02              2
             22             15          TiXVI      7597000.0   1.085452e+07   9.418837e+02              2
             22             16         TiXVII      8420000.0   1.203041e+07   1.043920e+03              2
             22             17        TiXVIII      9120000.0   1.303056e+07   1.130707e+03              2
             22             18          TiXIX      9850000.0   1.407358e+07   1.221213e+03              2
             22             19           TiXX     10860000.0   1.551666e+07   1.346434e+03              2
             22             20          TiXXI     11497000.0   1.642680e+07   1.425410e+03              2
             22             21         TiXXII     50401000.0   7.201244e+07   6.248766e+03              1
             22             22        TiXXIII     53440800.0   7.635568e+07   6.625644e+03              1
             23              1            VII        54360.0   7.766902e+04   6.739607e+00              4
             23              2           VIII       118200.0   1.688830e+05   1.465455e+01              4
             23              3            VIV       236410.0   3.377802e+05   2.931035e+01              3
             23              4             VV       376730.0   5.382681e+05   4.670736e+01              3
             23              5            VVI       526532.0   7.523037e+05   6.527996e+01              3
             23              6           VVII      1033400.0   1.476512e+06   1.281220e+02              3
             23              7          VVIII      1215000.0   1.735980e+06   1.506369e+02              3
             23              8            VIX      1399000.0   1.998877e+06   1.734494e+02              3
             23              9             VX      1660000.0   2.371791e+06   2.058085e+02              3
             23             10            VXI      1859000.0   2.656121e+06   2.304807e+02              3
             23             11           VXII      2062000.0   2.946165e+06   2.556488e+02              3
             23             12          VXIII      2485000.0   3.550543e+06   3.080928e+02              3
             23             13           VXIV      2712250.0   3.875236e+06   3.362675e+02              3
             23             14            VXV      7227000.0   1.032587e+07   8.960107e+02              2
             23             15           VXVI      7870000.0   1.124458e+07   9.757305e+02              2
             23             16          VXVII      8549000.0   1.221473e+07   1.059914e+03              2
             23             17         VXVIII      9420000.0   1.345920e+07   1.167901e+03              2
             23             18           VXIX     10160000.0   1.451651e+07   1.259647e+03              2
             23             19            VXX     10930000.0   1.561667e+07   1.355112e+03              2
             23             20           VXXI     11990000.0   1.713119e+07   1.486532e+03              2
             23             21          VXXII     12660000.0   1.808848e+07   1.569599e+03              2
             23             22         VXXIII     55259000.0   7.895351e+07   6.851066e+03              1
             23             23          VXXIV     58443900.0   8.350406e+07   7.245933e+03              1
             24              1           CrII        54575.6   7.797707e+04   6.766337e+00              4
             24              2          CrIII       132966.0   1.899805e+05   1.648526e+01              3
             24              3           CrIV       249700.0   3.567689e+05   3.095806e+01              3
             24              4            CrV       396500.0   5.665152e+05   4.915847e+01              3
             24              5           CrVI       560200.0   8.004082e+05   6.945416e+01              3
             24              6          CrVII       731020.0   1.044474e+06   9.063259e+01              3
             24              7         CrVIII      1291900.0   1.845854e+06   1.601711e+02              3
             24              8           CrIX      1490000.0   2.128897e+06   1.847317e+02              3
             24              9            CrX      1688000.0   2.411798e+06   2.092799e+02              3
             24             10           CrXI      1971000.0   2.816145e+06   2.443666e+02              3
             24             11          CrXII      2184000.0   3.120477e+06   2.707745e+02              3
             24             12         CrXIII      2404000.0   3.434811e+06   2.980503e+02              3
             24             13          CrXIV      2862000.0   4.089197e+06   3.548336e+02              3
             24             14           CrXV      3098520.0   4.427134e+06   3.841576e+02              3
             24             15          CrXVI      8151000.0   1.164607e+07   1.010569e+03              2
             24             16         CrXVII      8850000.0   1.264479e+07   1.097232e+03              2
             24             17        CrXVIII      9560000.0   1.365923e+07   1.185258e+03              2
             24             18          CrXIX     10480000.0   1.497372e+07   1.299321e+03              2
             24             19           CrXX     11260000.0   1.608818e+07   1.396026e+03              2
             24             20          CrXXI     12070000.0   1.724550e+07   1.496451e+03              2
             24             21         CrXXII     13180000.0   1.883145e+07   1.634070e+03              2
             24             22        CrXXIII     13882000.0   1.983446e+07   1.721104e+03              2
             24             23         CrXXIV     60344000.0   8.621890e+07   7.481509e+03              1
             24             24          CrXXV     63675900.0   9.097949e+07   7.894602e+03              1
             25              1           MnII        59959.4   8.566939e+04   7.433826e+00              4
             25              2          MnIII       126145.0   1.802347e+05   1.563958e+01              4
             25              3           MnIV       271550.0   3.879879e+05   3.366704e+01              3
             25              4            MnV       413000.0   5.900903e+05   5.120415e+01              3
             25              5           MnVI       584000.0   8.344134e+05   7.240490e+01              3
             25              6          MnVII       771100.0   1.101740e+06   9.560175e+01              3
             25              7         MnVIII       961440.0   1.373696e+06   1.192003e+02              3
             25              8           MnIX      1569000.0   2.241772e+06   1.945262e+02              3
             25              9            MnX      1789000.0   2.556105e+06   2.218020e+02              3
             25             10           MnXI      2003000.0   2.861866e+06   2.483339e+02              3
             25             11          MnXII      2307000.0   3.296219e+06   2.860242e+02              3
             25             12         MnXIII      2536000.0   3.623411e+06   3.144158e+02              3
             25             13          MnXIV      2771000.0   3.959177e+06   3.435514e+02              3
             25             14           MnXV      3250000.0   4.643568e+06   4.029383e+02              3
             25             15          MnXVI      3509820.0   5.014796e+06   4.351510e+02              3
             25             16         MnXVII      9152000.0   1.307629e+07   1.134674e+03              2
             25             17        MnXVIII      9872000.0   1.410501e+07   1.223940e+03              2
             25             18          MnXIX     10620000.0   1.517375e+07   1.316678e+03              2
             25             19           MnXX     11590000.0   1.655968e+07   1.436940e+03              2
             25             20          MnXXI     12410000.0   1.773128e+07   1.538604e+03              2
             25             21         MnXXII     13260000.0   1.894576e+07   1.643988e+03              2
             25             22        MnXXIII     14420000.0   2.060315e+07   1.787806e+03              2
             25             23         MnXXIV     15162000.0   2.166331e+07   1.879800e+03              2
             25             24          MnXXV     65660000.0   9.381435e+07   8.140592e+03              1
             25             25         MnXXVI     69137400.0   9.878283e+07   8.571724e+03              1
             26              1           FeII        63737.0   9.106679e+04   7.902177e+00              4
             26              2          FeIII       130563.0   1.865471e+05   1.618733e+01              4
             26              3           FeIV       247220.0   3.532255e+05   3.065058e+01              3
             26              4            FeV       442000.0   6.315252e+05   5.479960e+01              3
             26              5           FeVI       605000.0   8.644179e+05   7.500850e+01              3
             26              6          FeVII       799000.0   1.141603e+06   9.906082e+01              3
             26              7         FeVIII      1008000.0   1.440220e+06   1.249728e+02              3
             26              8           FeIX      1218380.0   1.740809e+06   1.510560e+02              3
             26              9            FeX      1884000.0   2.691840e+06   2.335802e+02              3
             26             10           FeXI      2114000.0   3.020462e+06   2.620958e+02              3
             26             11          FeXII      2341000.0   3.344797e+06   2.902395e+02              3
             26             12         FeXIII      2668000.0   3.812012e+06   3.307813e+02              3
             26             13          FeXIV      2912000.0   4.160636e+06   3.610327e+02              3
             26             14           FeXV      3163000.0   4.519263e+06   3.921519e+02              3
             26             15          FeXVI      3686000.0   5.266520e+06   4.569940e+02              3
             26             16         FeXVII      3946280.0   5.638405e+06   4.892637e+02              3
             26             17        FeXVIII     10180000.0   1.454508e+07   1.262127e+03              2
             26             18          FeXIX     10985000.0   1.569526e+07   1.361931e+03              2
             26             19           FeXX     11850000.0   1.693116e+07   1.469175e+03              2
             26             20          FeXXI     12708000.0   1.815706e+07   1.575551e+03              2
             26             21         FeXXII     13620000.0   1.946012e+07   1.688621e+03              2
             26             22        FeXXIII     14510000.0   2.073174e+07   1.798964e+03              2
             26             23         FeXXIV     15797000.0   2.257060e+07   1.958528e+03              2
             26             24          FeXXV     16500000.0   2.357504e+07   2.045687e+03              2
             26             25         FeXXVI     71203000.0   1.017341e+08   8.827819e+03              1
             26             26        FeXXVII     74829600.0   1.069158e+08   9.277449e+03              1
             27              1           CoII        63430.0   9.062815e+04   7.864115e+00              4
             27              2          CoIII       137795.0   1.968801e+05   1.708396e+01              4
             27              3           CoIV       270200.0   3.860591e+05   3.349967e+01              3
             27              4            CoV       413500.0   5.908047e+05   5.126614e+01              3
             27              5           CoVI       641000.0   9.158544e+05   7.947182e+01              3
             27              6          CoVII       823000.0   1.175894e+06   1.020364e+02              3
             27              7         CoVIII      1040000.0   1.485942e+06   1.289402e+02              3
             27              8           CoIX      1273000.0   1.818850e+06   1.578278e+02              3
             27              9            CoX      1501300.0   2.145042e+06   1.861327e+02              3
             27             10           CoXI      2221000.0   3.173343e+06   2.753618e+02              3
             27             11          CoXII      2460000.0   3.514823e+06   3.049933e+02              3
             27             12         CoXIII      2710000.0   3.872021e+06   3.359885e+02              3
             27             13          CoXIV      3057000.0   4.367811e+06   3.790099e+02              3
             27             14           CoXV      3315000.0   4.736439e+06   4.109970e+02              3
             27             15          CoXVI      3580000.0   5.115068e+06   4.438520e+02              3
             27             16         CoXVII      4129200.0   5.899760e+06   5.119423e+02              3
             27             17        CoXVIII      4408500.0   6.298821e+06   5.465702e+02              3
             27             18          CoXIX     11269000.0   1.610103e+07   1.397142e+03              2
             27             19           CoXX     12135000.0   1.733837e+07   1.504509e+03              2
             27             20          CoXXI     12930000.0   1.847425e+07   1.603074e+03              2
             27             21         CoXXII     13990000.0   1.998877e+07   1.734494e+03              2
             27             22        CoXXIII     14890000.0   2.127468e+07   1.846077e+03              2
             27             23         CoXXIV     15820000.0   2.260346e+07   1.961379e+03              2
             27             24          CoXXV     17090000.0   2.441802e+07   2.118835e+03              2
             27             25         CoXXVI     17897000.0   2.557105e+07   2.218888e+03              2
             27             26        CoXXVII     76979000.0   1.099868e+08   9.543933e+03              1
             27             27       CoXXVIII     80753200.0   1.153794e+08   1.001186e+04              1
             28              1           NiII        61600.0   8.801346e+04   7.637230e+00              4
             28              2          NiIII      146541.56   2.093771e+05   1.816837e+01              4
             28              3           NiIV       283800.0   4.054906e+05   3.518581e+01              3
             28              4            NiV       443000.0   6.329540e+05   5.492358e+01              3
             28              5           NiVI       613500.0   8.765627e+05   7.606234e+01              3
             28              6          NiVII       870000.0   1.243047e+06   1.078635e+02              3
             28              7         NiVIII      1070000.0   1.528805e+06   1.326597e+02              3
             28              8           NiIX      1310000.0   1.871715e+06   1.624151e+02              3
             28              9            NiX      1560000.0   2.228912e+06   1.934104e+02              3
             28             10           NiXI      1812000.0   2.588967e+06   2.246536e+02              3
             28             11          NiXII      2589000.0   3.699137e+06   3.209868e+02              3
             28             12         NiXIII      2840000.0   4.057764e+06   3.521060e+02              3
             28             13          NiXIV      3100000.0   4.429249e+06   3.843411e+02              3
             28             14           NiXV      3470000.0   4.957901e+06   4.302141e+02              3
             28             15          NiXVI      3740000.0   5.343675e+06   4.636889e+02              3
             28             16         NiXVII      4020000.0   5.743736e+06   4.984036e+02              3
             28             17        NiXVIII      4606000.0   6.581007e+06   5.710565e+02              3
             28             18          NiXIX      4896200.0   6.995642e+06   6.070358e+02              3
             28             19           NiXX     12430000.0   1.775986e+07   1.541084e+03              2
             28             20          NiXXI     13290000.0   1.898862e+07   1.647707e+03              2
             28             21         NiXXII     14160000.0   2.023167e+07   1.755571e+03              2
             28             22        NiXXIII     15280000.0   2.183191e+07   1.894430e+03              2
             28             23         NiXXIV     16220000.0   2.317497e+07   2.010972e+03              2
             28             24          NiXXV     17190000.0   2.456090e+07   2.131233e+03              2
             28             25         NiXXVI     18510000.0   2.644690e+07   2.294888e+03              2
             28             26        NiXXVII     19351000.0   2.764852e+07   2.399156e+03              2
             28             27       NiXXVIII     82984000.0   1.185667e+08   1.028844e+04              1
             28             28         NiXXIX     86909400.0   1.241753e+08   1.077511e+04              1
             29              1           CuII       62317.44   8.903854e+04   7.726179e+00              4
             29              2          CuIII       163669.2   2.338489e+05   2.029187e+01              3
             29              3           CuIV       297140.0   4.245507e+05   3.683971e+01              3
             29              4            CuV       462800.0   6.612440e+05   5.737841e+01              3
             29              5           CuVI       644000.0   9.201408e+05   7.984376e+01              3
             29              6          CuVII       831000.0   1.187324e+06   1.030282e+02              3
             29              7         CuVIII      1120000.0   1.600245e+06   1.388587e+02              3
             29              8           CuIX      1339000.0   1.913150e+06   1.660106e+02              3
             29              9            CuX      1605000.0   2.293208e+06   1.989895e+02              3
             29             10           CuXI      1871000.0   2.673266e+06   2.319685e+02              3
             29             11          CuXII      2146000.0   3.066183e+06   2.660632e+02              3
             29             12         CuXIII      2975000.0   4.250650e+06   3.688435e+02              3
             29             13          CuXIV      3234000.0   4.620707e+06   4.009546e+02              3
             29             14           CuXV      3508000.0   5.012195e+06   4.349253e+02              3
             29             15          CuXVI      3903000.0   5.576567e+06   4.838978e+02              3
             29             16         CuXVII      4194000.0   5.992345e+06   5.199763e+02              3
             29             17        CuXVIII      4493000.0   6.419553e+06   5.570466e+02              3
             29             18          CuXIX      5105000.0   7.293973e+06   6.329230e+02              3
             29             19           CuXX      5409000.0   7.728325e+06   6.706132e+02              3
             29             20          CuXXI     13628000.0   1.947155e+07   1.689613e+03              2
             29             21         CuXXII     14550000.0   2.078889e+07   1.803924e+03              2
             29             22        CuXXIII     15450000.0   2.207481e+07   1.915506e+03              2
             29             23         CuXXIV     16620000.0   2.374649e+07   2.060564e+03              2
             29             24          CuXXV     17600000.0   2.514670e+07   2.182066e+03              2
             29             25         CuXXVI     18620000.0   2.660407e+07   2.308526e+03              2
             29             26        CuXXVII     19986000.0   2.855580e+07   2.477884e+03              2
             29             27       CuXXVIII     20870000.0   2.981885e+07   2.587483e+03              2
             29             28         CuXXIX     89223500.0   1.274816e+08   1.106202e+04              1
             29             29          CuXXX     93297700.0   1.333028e+08   1.156714e+04              1
             30              1           ZnII       75769.33   1.082585e+05   9.393957e+00              4
             30              2          ZnIII       144892.6   2.070211e+05   1.796393e+01              4
             30              3           ZnIV       320390.0   4.577700e+05   3.972227e+01              3
             30              4            ZnV       480490.0   6.865193e+05   5.957163e+01              3
             30              5           ZnVI       660000.0   9.430014e+05   8.182746e+01              3
             30              6          ZnVII       871000.0   1.244476e+06   1.079875e+02              3
             30              7         ZnVIII      1081000.0   1.544522e+06   1.340235e+02              3
             30              8           ZnIX      1403000.0   2.004592e+06   1.739453e+02              3
             30              9            ZnX      1637000.0   2.338929e+06   2.029569e+02              3
             30             10           ZnXI      1920000.0   2.743277e+06   2.380435e+02              3
             30             11          ZnXII      2210000.0   3.157626e+06   2.739980e+02              3
             30             12         ZnXIII      2507000.0   3.581977e+06   3.108204e+02              3
             30             13          ZnXIV      3385000.0   4.836454e+06   4.196757e+02              3
             30             14           ZnXV      3662000.0   5.232229e+06   4.540184e+02              3
             30             15          ZnXVI      3952000.0   5.646578e+06   4.899729e+02              3
             30             16         ZnXVII      4372000.0   6.246670e+06   5.420449e+02              3
             30             17        ZnXVIII      4670000.0   6.672449e+06   5.789913e+02              3
             30             18          ZnXIX      4990000.0   7.129662e+06   6.186652e+02              3
             30             19           ZnXX      5630000.0   8.044088e+06   6.980130e+02              3
             30             20          ZnXXI      5947260.0   8.497386e+06   7.373472e+02              3
             30             21         ZnXXII     14890000.0   2.127468e+07   1.846077e+03              2
             30             22        ZnXXIII     15860000.0   2.266061e+07   1.966339e+03              2
             30             23         ZnXXIV     16810000.0   2.401796e+07   2.084121e+03              2
             30             24          ZnXXV     18020000.0   2.574680e+07   2.234138e+03              2
             30             25         ZnXXVI     19040000.0   2.720416e+07   2.360598e+03              2
             30             26        ZnXXVII     20110000.0   2.873297e+07   2.493258e+03              2
             30             27       ZnXXVIII     21490000.0   3.070470e+07   2.664352e+03              2
             30             28         ZnXXIX     22450000.0   3.207634e+07   2.783373e+03              2
             30             29          ZnXXX     95696100.0   1.367296e+08   1.186450e+04              1
             30             30         ZnXXXI     99921800.0   1.427673e+08   1.238840e+04              1
