#Rates for H chemisorption rates. Lines are:
#1. process type (P=physisorbed, C=chemisorbed)
#2. number of temperature interval (linear)
#3. mininum temperature
#4. temperature interval
#data are rate (1/s)

PP
300
1.000d0
3.333d1
1.4141474d1
3.1773956d3
2.1097983d7
6.5896244d8
3.8064394d9
1.1055540d10
2.2672320d10
3.8037270d10
5.6232015d10
7.6362266d10
9.7679048d10
1.1960022d11
1.4169291d11
1.6364528d11
1.8523885d11
2.0632522d11
2.2680771d11
2.4662736d11
2.6575239d11
2.8417052d11
3.0188318d11
3.1890135d11
3.3524249d11
3.5092833d11
3.6598323d11
3.8043301d11
3.9430412d11
4.0762302d11
4.2041582d11
4.3270793d11
4.4452389d11
4.5588727d11
4.6682058d11
4.7734527d11
4.8748168d11
4.9724910d11
5.0666576d11
5.1574890d11
5.2451479d11
5.3297878d11
5.4115536d11
5.4905818d11
5.5670013d11
5.6409336d11
5.7124932d11
5.7817883d11
5.8489209d11
5.9139875d11
5.9770789d11
6.0382813d11
6.0976759d11
6.1553396d11
6.2113452d11
6.2657615d11
6.3186539d11
6.3700842d11
6.4201110d11
6.4687900d11
6.5161740d11
6.5623132d11
6.6072552d11
6.6510453d11
6.6937267d11
6.7353404d11
6.7759254d11
6.8155190d11
6.8541567d11
6.8918723d11
6.9286981d11
6.9646648d11
6.9998020d11
7.0341378d11
7.0676989d11
7.1005112d11
7.1325992d11
7.1639864d11
7.1946955d11
7.2247480d11
7.2541646d11
7.2829651d11
7.3111686d11
7.3387934d11
7.3658570d11
7.3923762d11
7.4183672d11
7.4438456d11
7.4688262d11
7.4933236d11
7.5173516d11
7.5409233d11
7.5640517d11
7.5867491d11
7.6090275d11
7.6308981d11
7.6523722d11
7.6734604d11
7.6941729d11
7.7145197d11
7.7345103d11
7.7541540d11
7.7734598d11
7.7924362d11
7.8110916d11
7.8294341d11
7.8474714d11
7.8652110d11
7.8826604d11
7.8998265d11
7.9167161d11
7.9333360d11
7.9496924d11
7.9657916d11
7.9816396d11
7.9972422d11
8.0126051d11
8.0277337d11
8.0426334d11
8.0573094d11
8.0717665d11
8.0860097d11
8.1000437d11
8.1138730d11
8.1275021d11
8.1409353d11
8.1541768d11
8.1672307d11
8.1801009d11
8.1927912d11
8.2053055d11
8.2176474d11
8.2298203d11
8.2418277d11
8.2536731d11
8.2653596d11
8.2768904d11
8.2882686d11
8.2994972d11
8.3105792d11
8.3215174d11
8.3323145d11
8.3429734d11
8.3534965d11
8.3638866d11
8.3741461d11
8.3842775d11
8.3942831d11
8.4041653d11
8.4139263d11
8.4235684d11
8.4330937d11
8.4425043d11
8.4518024d11
8.4609898d11
8.4700686d11
8.4790407d11
8.4879079d11
8.4966721d11
8.5053350d11
8.5138985d11
8.5223642d11
8.5307337d11
8.5390088d11
8.5471910d11
8.5552818d11
8.5632828d11
8.5711955d11
8.5790213d11
8.5867616d11
8.5944179d11
8.6019915d11
8.6094837d11
8.6168958d11
8.6242292d11
8.6314851d11
8.6386646d11
8.6457690d11
8.6527995d11
8.6597572d11
8.6666432d11
8.6734587d11
8.6802047d11
8.6868823d11
8.6934924d11
8.7000363d11
8.7065147d11
8.7129287d11
8.7192793d11
8.7255674d11
8.7317939d11
8.7379597d11
8.7440658d11
8.7501128d11
8.7561018d11
8.7620336d11
8.7679089d11
8.7737285d11
8.7794934d11
8.7852041d11
8.7908616d11
8.7964664d11
8.8020195d11
8.8075214d11
8.8129729d11
8.8183746d11
8.8237273d11
8.8290316d11
8.8342882d11
8.8394977d11
8.8446607d11
8.8497779d11
8.8548499d11
8.8598772d11
8.8648605d11
8.8698003d11
8.8746972d11
8.8795517d11
8.8843645d11
8.8891359d11
8.8938667d11
8.8985572d11
8.9032081d11
8.9078197d11
8.9123927d11
8.9169274d11
8.9214244d11
8.9258841d11
8.9303069d11
8.9346935d11
8.9390441d11
8.9433593d11
8.9476394d11
8.9518849d11
8.9560962d11
8.9602737d11
8.9644179d11
8.9685291d11
8.9726077d11
8.9766540d11
8.9806686d11
8.9846518d11
8.9886038d11
8.9925252d11
8.9964161d11
9.0002771d11
9.0041084d11
9.0079104d11
9.0116835d11
9.0154278d11
9.0191439d11
9.0228319d11
9.0264923d11
9.0301252d11
9.0337311d11
9.0373102d11
9.0408629d11
9.0443894d11
9.0478899d11
9.0513649d11
9.0548146d11
9.0582391d11
9.0616390d11
9.0650143d11
9.0683653d11
9.0716924d11
9.0749957d11
9.0782756d11
9.0815322d11
9.0847659d11
9.0879768d11
9.0911652d11
9.0943314d11
9.0974755d11
9.1005978d11
9.1036986d11
9.1067780d11
9.1098363d11
9.1128736d11
9.1158903d11
9.1188865d11
9.1218623d11
9.1248182d11
9.1277541d11
9.1306704d11
9.1335672d11
9.1364447d11
9.1393031d11
9.1421426d11
9.1449634d11
9.1477657d11
9.1505496d11
9.1533154d11
9.1560632d11
9.1587932d11
9.1615055d11
9.1642004d11
9.1668779d11
9.1695383d11
9.1721818d11
9.1748084d11
9.1774184d11

CC
300
1.000d0
3.333d1
5.4689909d-21
2.6671240d-19
8.0599931d-19
2.3152634d-18
6.5327380d-12
2.2078536d-7
2.3805617d-4
3.5539618d-2
1.5355388d0
2.8961471d1
3.0534299d2
2.1070015d3
1.0573321d4
4.1511118d4
1.3434749d5
3.7246220d5
9.1042898d5
2.0059051d6
4.0526806d6
7.6110411d6
1.3432047d7
2.2473318d7
3.5905107d7
5.5106567d7
8.1653045d7
1.1729582d8
1.6393609d8
2.2359499d8
2.9838154d8
3.9045996d8
5.0201772d8
6.3523537d8
7.9225884d8
9.7517469d8
1.1859887d9
1.4266077d9
1.6988248d9
2.0043078d9
2.3445907d9
2.7210674d9
3.1349886d9
3.5874602d9
4.0794438d9
4.6117588d9
5.1850859d9
5.7999710d9
6.4568311d9
7.1559599d9
7.8975339d9
8.6816196d9
9.5081802d9
1.0377082d10
1.1288104d10
1.2240939d10
1.3235208d10
1.4270461d10
1.5346186d10
1.6461812d10
1.7616722d10
1.8810249d10
2.0041688d10
2.1310300d10
2.2615313d10
2.3955932d10
2.5331337d10
2.6740691d10
2.8183143d10
2.9657829d10
3.1163877d10
3.2700409d10
3.4266543d10
3.5861398d10
3.7484091d10
3.9133744d10
4.0809483d10
4.2510439d10
4.4235752d10
4.5984569d10
4.7756049d10
4.9549360d10
5.1363682d10
5.3198207d10
5.5052141d10
5.6924703d10
5.8815126d10
6.0722657d10
6.2646559d10
6.4586108d10
6.6540597d10
6.8509333d10
7.0491640d10
7.2486857d10
7.4494337d10
7.6513449d10
7.8543580d10
8.0584129d10
8.2634513d10
8.4694160d10
8.6762518d10
8.8839047d10
9.0923222d10
9.3014531d10
9.5112479d10
9.7216583d10
9.9326375d10
1.0144140d11
1.0356121d11
1.0568539d11
1.0781350d11
1.0994516d11
1.1207997d11
1.1421754d11
1.1635752d11
1.1849954d11
1.2064325d11
1.2278833d11
1.2493445d11
1.2708129d11
1.2922856d11
1.3137595d11
1.3352318d11
1.3566999d11
1.3781609d11
1.3996125d11
1.4210520d11
1.4424770d11
1.4638854d11
1.4852748d11
1.5066430d11
1.5279881d11
1.5493079d11
1.5706005d11
1.5918642d11
1.6130970d11
1.6342972d11
1.6554632d11
1.6765934d11
1.6976862d11
1.7187401d11
1.7397537d11
1.7607255d11
1.7816544d11
1.8025389d11
1.8233780d11
1.8441703d11
1.8649148d11
1.8856104d11
1.9062560d11
1.9268507d11
1.9473935d11
1.9678835d11
1.9883198d11
2.0087016d11
2.0290282d11
2.0492986d11
2.0695122d11
2.0896684d11
2.1097664d11
2.1298056d11
2.1497855d11
2.1697054d11
2.1895648d11
2.2093633d11
2.2291003d11
2.2487753d11
2.2683880d11
2.2879379d11
2.3074247d11
2.3268480d11
2.3462074d11
2.3655027d11
2.3847334d11
2.4038995d11
2.4230006d11
2.4420364d11
2.4610068d11
2.4799116d11
2.4987505d11
2.5175234d11
2.5362302d11
2.5548707d11
2.5734448d11
2.5919524d11
2.6103934d11
2.6287677d11
2.6470753d11
2.6653161d11
2.6834901d11
2.7015972d11
2.7196375d11
2.7376108d11
2.7555173d11
2.7733569d11
2.7911297d11
2.8088357d11
2.8264750d11
2.8440475d11
2.8615534d11
2.8789928d11
2.8963656d11
2.9136720d11
2.9309122d11
2.9480861d11
2.9651939d11
2.9822358d11
2.9992117d11
3.0161219d11
3.0329666d11
3.0497457d11
3.0664595d11
3.0831082d11
3.0996918d11
3.1162105d11
3.1326646d11
3.1490541d11
3.1653793d11
3.1816402d11
3.1978372d11
3.2139703d11
3.2300398d11
3.2460459d11
3.2619887d11
3.2778685d11
3.2936854d11
3.3094397d11
3.3251316d11
3.3407612d11
3.3563288d11
3.3718345d11
3.3872787d11
3.4026616d11
3.4179832d11
3.4332440d11
3.4484440d11
3.4635836d11
3.4786629d11
3.4936822d11
3.5086417d11
3.5235416d11
3.5383822d11
3.5531637d11
3.5678864d11
3.5825504d11
3.5971560d11
3.6117035d11
3.6261931d11
3.6406250d11
3.6549995d11
3.6693168d11
3.6835771d11
3.6977808d11
3.7119280d11
3.7260189d11
3.7400539d11
3.7540331d11
3.7679569d11
3.7818254d11
3.7956388d11
3.8093976d11
3.8231018d11
3.8367517d11
3.8503476d11
3.8638897d11
3.8773783d11
3.8908136d11
3.9041958d11
3.9175252d11
3.9308020d11
3.9440265d11
3.9571989d11
3.9703195d11
3.9833885d11
3.9964061d11
4.0093725d11
4.0222881d11
4.0351531d11
4.0479676d11
4.0607320d11
4.0734464d11
4.0861111d11
4.0987264d11
4.1112925d11
4.1238095d11
4.1362779d11
4.1486977d11
4.1610692d11
4.1733926d11
4.1856683d11
4.1978963d11
4.2100770d11
4.2222106d11
4.2342972d11
4.2463372d11
4.2583308d11
4.2702781d11
4.2821794d11
4.2940349d11
4.3058449d11
4.3176096d11
4.3293292d11

PC
300
1.000d0
3.333d1
3.4616502d-1
3.8663283d2
8.6623420d6
2.8336373d8
1.6984030d9
5.0917405d9
1.0736392d10
1.8463874d10
2.7911072d10
3.8678088d10
5.0400588d10
6.2773782d10
7.5554043d10
8.8551863d10
1.0162251d11
1.1465701d11
1.2757442d11
1.4031551d11
1.5283771d11
1.6511127d11
1.7711618d11
1.8883986d11
2.0027535d11
2.1141994d11
2.2227412d11
2.3284071d11
2.4312432d11
2.5313080d11
2.6286686d11
2.7233984d11
2.8155745d11
2.9052762d11
2.9925833d11
3.0775759d11
3.1603330d11
3.2409322d11
3.3194494d11
3.3959584d11
3.4705307d11
3.5432354d11
3.6141393d11
3.6833067d11
3.7507993d11
3.8166766d11
3.8809955d11
3.9438106d11
4.0051745d11
4.0651373d11
4.1237472d11
4.1810503d11
4.2370907d11
4.2919109d11
4.3455512d11
4.3980505d11
4.4494461d11
4.4997736d11
4.5490672d11
4.5973596d11
4.6446823d11
4.6910655d11
4.7365379d11
4.7811275d11
4.8248608d11
4.8677634d11
4.9098599d11
4.9511739d11
4.9917281d11
5.0315444d11
5.0706437d11
5.1090463d11
5.1467715d11
5.1838381d11
5.2202642d11
5.2560670d11
5.2912633d11
5.3258692d11
5.3599004d11
5.3933717d11
5.4262977d11
5.4586923d11
5.4905691d11
5.5219410d11
5.5528207d11
5.5832202d11
5.6131514d11
5.6426257d11
5.6716539d11
5.7002468d11
5.7284145d11
5.7561672d11
5.7835144d11
5.8104655d11
5.8370295d11
5.8632152d11
5.8890311d11
5.9144854d11
5.9395861d11
5.9643410d11
5.9887575d11
6.0128430d11
6.0366046d11
6.0600491d11
6.0831831d11
6.1060133d11
6.1285458d11
6.1507869d11
6.1727424d11
6.1944181d11
6.2158198d11
6.2369527d11
6.2578223d11
6.2784337d11
6.2987920d11
6.3189021d11
6.3387687d11
6.3583966d11
6.3777901d11
6.3969538d11
6.4158919d11
6.4346087d11
6.4531082d11
6.4713943d11
6.4894710d11
6.5073421d11
6.5250112d11
6.5424819d11
6.5597578d11
6.5768422d11
6.5937386d11
6.6104501d11
6.6269800d11
6.6433314d11
6.6595073d11
6.6755107d11
6.6913444d11
6.7070114d11
6.7225144d11
6.7378560d11
6.7530390d11
6.7680659d11
6.7829393d11
6.7976616d11
6.8122352d11
6.8266625d11
6.8409458d11
6.8550874d11
6.8690894d11
6.8829542d11
6.8966837d11
6.9102800d11
6.9237452d11
6.9370813d11
6.9502902d11
6.9633739d11
6.9763341d11
6.9891728d11
7.0018917d11
7.0144925d11
7.0269771d11
7.0393471d11
7.0516041d11
7.0637497d11
7.0757856d11
7.0877134d11
7.0995344d11
7.1112504d11
7.1228626d11
7.1343725d11
7.1457817d11
7.1570914d11
7.1683030d11
7.1794178d11
7.1904373d11
7.2013625d11
7.2121949d11
7.2229357d11
7.2335860d11
7.2441471d11
7.2546201d11
7.2650062d11
7.2753065d11
7.2855222d11
7.2956543d11
7.3057039d11
7.3156720d11
7.3255598d11
7.3353681d11
7.3450981d11
7.3547506d11
7.3643267d11
7.3738273d11
7.3832533d11
7.3926057d11
7.4018854d11
7.4110932d11
7.4202300d11
7.4292967d11
7.4382941d11
7.4472230d11
7.4560843d11
7.4648788d11
7.4736072d11
7.4822704d11
7.4908691d11
7.4994040d11
7.5078759d11
7.5162855d11
7.5246335d11
7.5329207d11
7.5411477d11
7.5493153d11
7.5574240d11
7.5654746d11
7.5734676d11
7.5814039d11
7.5892839d11
7.5971083d11
7.6048777d11
7.6125928d11
7.6202541d11
7.6278622d11
7.6354176d11
7.6429210d11
7.6503730d11
7.6577739d11
7.6651245d11
7.6724253d11
7.6796767d11
7.6868793d11
7.6940336d11
7.7011401d11
7.7081994d11
7.7152118d11
7.7221779d11
7.7290982d11
7.7359731d11
7.7428032d11
7.7495888d11
7.7563304d11
7.7630284d11
7.7696834d11
7.7762957d11
7.7828657d11
7.7893939d11
7.7958807d11
7.8023265d11
7.8087317d11
7.8150968d11
7.8214220d11
7.8277078d11
7.8339546d11
7.8401627d11
7.8463326d11
7.8524645d11
7.8585589d11
7.8646161d11
7.8706365d11
7.8766204d11
7.8825681d11
7.8884801d11
7.8943566d11
7.9001979d11
7.9060045d11
7.9117766d11
7.9175145d11
7.9232185d11
7.9288891d11
7.9345264d11
7.9401307d11
7.9457025d11
7.9512419d11
7.9567493d11
7.9622249d11
7.9676691d11
7.9730821d11
7.9784642d11
7.9838156d11
7.9891367d11
7.9944278d11
7.9996889d11
8.0049206d11
8.0101229d11
8.0152962d11
8.0204406d11
8.0255566d11
8.0306442d11
8.0357038d11
8.0407355d11
8.0457397d11
8.0507166d11
8.0556663d11
8.0605891d11
8.0654853d11
8.0703551d11
8.0751987d11
8.0800162d11
8.0848080d11
8.0895743d11
8.0943152d11
8.0990310d11

CP
300
1.000d0
3.333d1
8.3447865d-45
1.1869923d-39
2.1839007d-39
3.7618985d-39
5.7730033d-36
8.2926673d-25
7.7268487d-19
1.4464440d-14
2.3408886d-11
7.3844709d-9
7.4032923d-7
3.2213223d-5
7.4902849d-4
1.0750813d-2
1.0559395d-1
7.6551785d-1
4.3356741d0
2.0036323d1
7.8149967d1
2.6423600d2
7.9121494d2
2.1348017d3
5.2642611d3
1.2003880d4
2.5559433d4
5.1237717d4
9.7376373d4
1.7648704d5
3.0659919d5
5.1277663d5
8.2876543d5
1.2987218d6
1.9789623d6
2.9396773d6
4.2665482d6
6.0622172d6
8.4475621d6
1.1562740d7
1.5567970d7
2.0644048d7
2.6992565d7
3.4835857d7
4.4416672d7
5.5997584d7
6.9860167d7
8.6303961d7
1.0564524d8
1.2821565d8
1.5436067d8
1.8443802d8
2.1881599d8
2.5787168d8
3.0198928d8
3.5155830d8
4.0697183d8
4.6862488d8
5.3691270d8
6.1222923d8
6.9496558d8
7.8550859d8
8.8423956d8
9.9153293d8
1.1077552d9
1.2332639d9
1.3684066d9
1.5135200d9
1.6689293d9
1.8349477d9
2.0118752d9
2.1999991d9
2.3995925d9
2.6109150d9
2.8342117d9
3.0697135d9
3.3176367d9
3.5781831d9
3.8515401d9
4.1378803d9
4.4373623d9
4.7501303d9
5.0763143d9
5.4160308d9
5.7693826d9
6.1364590d9
6.5173365d9
6.9120788d9
7.3207375d9
7.7433518d9
8.1799496d9
8.6305473d9
9.0951505d9
9.5737542d9
1.0066344d10
1.0572894d10
1.1093370d10
1.1627731d10
1.2175923d10
1.2737887d10
1.3313555d10
1.3902853d10
1.4505698d10
1.5122001d10
1.5751668d10
1.6394596d10
1.7050679d10
1.7719805d10
1.8401856d10
1.9096711d10
1.9804243d10
2.0524321d10
2.1256812d10
2.2001578d10
2.2758477d10
2.3527365d10
2.4308095d10
2.5100519d10
2.5904484d10
2.6719836d10
2.7546419d10
2.8384077d10
2.9232650d10
3.0091978d10
3.0961901d10
3.1842254d10
3.2732877d10
3.3633604d10
3.4544273d10
3.5464717d10
3.6394774d10
3.7334278d10
3.8283065d10
3.9240969d10
4.0207827d10
4.1183476d10
4.2167751d10
4.3160489d10
4.4161530d10
4.5170710d10
4.6187870d10
4.7212850d10
4.8245492d10
4.9285636d10
5.0333128d10
5.1387810d10
5.2449529d10
5.3518132d10
5.4593467d10
5.5675382d10
5.6763730d10
5.7858362d10
5.8959131d10
6.0065894d10
6.1178506d10
6.2296825d10
6.3420711d10
6.4550025d10
6.5684629d10
6.6824389d10
6.7969169d10
6.9118837d10
7.0273262d10
7.1432316d10
7.2595869d10
7.3763795d10
7.4935971d10
7.6112274d10
7.7292582d10
7.8476776d10
7.9664737d10
8.0856350d10
8.2051499d10
8.3250072d10
8.4451957d10
8.5657044d10
8.6865225d10
8.8076393d10
8.9290444d10
9.0507273d10
9.1726779d10
9.2948861d10
9.4173421d10
9.5400361d10
9.6629585d10
9.7860999d10
9.9094510d10
1.0033003d11
1.0156746d11
1.0280672d11
1.0404772d11
1.0529038d11
1.0653461d11
1.0778033d11
1.0902745d11
1.1027590d11
1.1152560d11
1.1277647d11
1.1402843d11
1.1528142d11
1.1653535d11
1.1779016d11
1.1904577d11
1.2030212d11
1.2155913d11
1.2281674d11
1.2407489d11
1.2533350d11
1.2659252d11
1.2785188d11
1.2911152d11
1.3037138d11
1.3163141d11
1.3289154d11
1.3415171d11
1.3541188d11
1.3667198d11
1.3793197d11
1.3919178d11
1.4045138d11
1.4171069d11
1.4296969d11
1.4422832d11
1.4548652d11
1.4674426d11
1.4800149d11
1.4925816d11
1.5051423d11
1.5176965d11
1.5302439d11
1.5427839d11
1.5553163d11
1.5678405d11
1.5803563d11
1.5928631d11
1.6053607d11
1.6178487d11
1.6303267d11
1.6427944d11
1.6552514d11
1.6676973d11
1.6801319d11
1.6925548d11
1.7049657d11
1.7173643d11
1.7297503d11
1.7421233d11
1.7544832d11
1.7668296d11
1.7791622d11
1.7914807d11
1.8037849d11
1.8160746d11
1.8283495d11
1.8406092d11
1.8528537d11
1.8650826d11
1.8772957d11
1.8894928d11
1.9016736d11
1.9138381d11
1.9259858d11
1.9381166d11
1.9502304d11
1.9623270d11
1.9744060d11
1.9864674d11
1.9985110d11
2.0105365d11
2.0225439d11
2.0345329d11
2.0465034d11
2.0584552d11
2.0703882d11
2.0823022d11
2.0941971d11
2.1060726d11
2.1179288d11
2.1297654d11
2.1415822d11
2.1533793d11
2.1651564d11
2.1769134d11
2.1886503d11
2.2003668d11
2.2120629d11
2.2237385d11
2.2353935d11
2.2470277d11
2.2586411d11
2.2702335d11
2.2818049d11
2.2933552d11
2.3048843d11
2.3163921d11
2.3278785d11
2.3393435d11
2.3507869d11
2.3622087d11
2.3736089d11
2.3849873d11
2.3963439d11

